Time,Driver,DriverNumber,LapTime,LapNumber,Stint,PitOutTime,PitInTime,Sector1Time,Sector2Time,Sector3Time,Sector1SessionTime,Sector2SessionTime,Sector3SessionTime,SpeedI1,SpeedI2,SpeedFL,SpeedST,IsPersonalBest,Compound,TyreLife,FreshTyre,Team,LapStartTime,LapStartDate,TrackStatus,Position,Deleted,DeletedReason,FastF1Generated,IsAccurate,LapTimeSeconds
0 days 00:56:31.948000,PIA,81,0 days 00:01:26.746000,1.0,1.0,,,,0 days 00:00:29.625000,0 days 00:00:23.513000,,0 days 00:56:08.587000,0 days 00:56:32.061000,270.0,240.0,243.0,244.0,False,MEDIUM,1.0,True,McLaren,0 days 00:55:04.938000,2024-07-21 13:02:58.551,1,1.0,False,,False,False,86.746
0 days 00:57:55.986000,PIA,81,0 days 00:01:24.038000,2.0,1.0,,,0 days 00:00:29.924000,0 days 00:00:30.425000,0 days 00:00:23.689000,0 days 00:57:01.888000,0 days 00:57:32.313000,0 days 00:57:56.002000,264.0,231.0,244.0,285.0,True,MEDIUM,2.0,True,McLaren,0 days 00:56:31.948000,2024-07-21 13:04:25.561,1,1.0,False,,False,True,84.038
0 days 00:59:20.387000,PIA,81,0 days 00:01:24.401000,3.0,1.0,,,0 days 00:00:30.303000,0 days 00:00:30.297000,0 days 00:00:23.801000,0 days 00:58:26.305000,0 days 00:58:56.602000,0 days 00:59:20.403000,259.0,233.0,244.0,283.0,False,MEDIUM,3.0,True,McLaren,0 days 00:57:55.986000,2024-07-21 13:05:49.599,1,1.0,False,,False,True,84.401
0 days 01:00:44.502000,PIA,81,0 days 00:01:24.115000,4.0,1.0,,,0 days 00:00:30.145000,0 days 00:00:30.338000,0 days 00:00:23.632000,0 days 00:59:50.548000,0 days 01:00:20.886000,0 days 01:00:44.518000,270.0,233.0,244.0,284.0,False,MEDIUM,4.0,True,McLaren,0 days 00:59:20.387000,2024-07-21 13:07:14.000,1,1.0,False,,False,True,84.115
0 days 01:02:08.298000,PIA,81,0 days 00:01:23.796000,5.0,1.0,,,0 days 00:00:30.091000,0 days 00:00:30.157000,0 days 00:00:23.548000,0 days 01:01:14.609000,0 days 01:01:44.766000,0 days 01:02:08.314000,267.0,235.0,244.0,,True,MEDIUM,5.0,True,McLaren,0 days 01:00:44.502000,2024-07-21 13:08:38.115,1,1.0,False,,False,True,83.796
0 days 01:03:32.144000,PIA,81,0 days 00:01:23.846000,6.0,1.0,,,0 days 00:00:30.008000,0 days 00:00:30.248000,0 days 00:00:23.590000,0 days 01:02:38.322000,0 days 01:03:08.570000,0 days 01:03:32.160000,266.0,235.0,244.0,,False,MEDIUM,6.0,True,McLaren,0 days 01:02:08.298000,2024-07-21 13:10:01.911,1,1.0,False,,False,True,83.846
0 days 01:04:56.254000,PIA,81,0 days 00:01:24.110000,7.0,1.0,,,0 days 00:00:30.163000,0 days 00:00:30.201000,0 days 00:00:23.746000,0 days 01:04:02.323000,0 days 01:04:32.524000,0 days 01:04:56.270000,268.0,235.0,243.0,,False,MEDIUM,7.0,True,McLaren,0 days 01:03:32.144000,2024-07-21 13:11:25.757,1,1.0,False,,False,True,84.11
0 days 01:06:20.146000,PIA,81,0 days 00:01:23.892000,8.0,1.0,,,0 days 00:00:30.068000,0 days 00:00:30.192000,0 days 00:00:23.632000,0 days 01:05:26.338000,0 days 01:05:56.530000,0 days 01:06:20.162000,269.0,236.0,245.0,285.0,False,MEDIUM,8.0,True,McLaren,0 days 01:04:56.254000,2024-07-21 13:12:49.867,1,1.0,False,,False,True,83.892
0 days 01:07:44.352000,PIA,81,0 days 00:01:24.206000,9.0,1.0,,,0 days 00:00:30.054000,0 days 00:00:30.348000,0 days 00:00:23.804000,0 days 01:06:50.216000,0 days 01:07:20.564000,0 days 01:07:44.368000,267.0,236.0,244.0,,False,MEDIUM,9.0,True,McLaren,0 days 01:06:20.146000,2024-07-21 13:14:13.759,1,1.0,False,,False,True,84.206
0 days 01:09:08.609000,PIA,81,0 days 00:01:24.257000,10.0,1.0,,,0 days 00:00:30.286000,0 days 00:00:30.286000,0 days 00:00:23.685000,0 days 01:08:14.654000,0 days 01:08:44.940000,0 days 01:09:08.625000,269.0,237.0,244.0,284.0,False,MEDIUM,10.0,True,McLaren,0 days 01:07:44.352000,2024-07-21 13:15:37.965,1,1.0,False,,False,True,84.257
0 days 01:10:32.671000,PIA,81,0 days 00:01:24.062000,11.0,1.0,,,0 days 00:00:30.206000,0 days 00:00:30.227000,0 days 00:00:23.629000,0 days 01:09:38.831000,0 days 01:10:09.058000,0 days 01:10:32.687000,270.0,235.0,244.0,285.0,False,MEDIUM,11.0,True,McLaren,0 days 01:09:08.609000,2024-07-21 13:17:02.222,1,1.0,False,,False,True,84.062
0 days 01:11:56.564000,PIA,81,0 days 00:01:23.893000,12.0,1.0,,,0 days 00:00:30.077000,0 days 00:00:30.128000,0 days 00:00:23.688000,0 days 01:11:02.764000,0 days 01:11:32.892000,0 days 01:11:56.580000,,235.0,244.0,,False,MEDIUM,12.0,True,McLaren,0 days 01:10:32.671000,2024-07-21 13:18:26.284,1,1.0,False,,False,True,83.893
0 days 01:13:20.451000,PIA,81,0 days 00:01:23.887000,13.0,1.0,,,0 days 00:00:30.139000,0 days 00:00:30.039000,0 days 00:00:23.709000,0 days 01:12:26.719000,0 days 01:12:56.758000,0 days 01:13:20.467000,272.0,239.0,244.0,,False,MEDIUM,13.0,True,McLaren,0 days 01:11:56.564000,2024-07-21 13:19:50.177,1,1.0,False,,False,True,83.887
0 days 01:14:45.134000,PIA,81,0 days 00:01:24.683000,14.0,1.0,,,0 days 00:00:30.389000,0 days 00:00:30.334000,0 days 00:00:23.960000,0 days 01:13:50.856000,0 days 01:14:21.190000,0 days 01:14:45.150000,270.0,236.0,243.0,,False,MEDIUM,14.0,True,McLaren,0 days 01:13:20.451000,2024-07-21 13:21:14.064,1,1.0,False,,False,True,84.683
0 days 01:16:09.433000,PIA,81,0 days 00:01:24.299000,15.0,1.0,,,0 days 00:00:30.285000,0 days 00:00:30.204000,0 days 00:00:23.810000,0 days 01:15:15.435000,0 days 01:15:45.639000,0 days 01:16:09.449000,271.0,237.0,244.0,,False,MEDIUM,15.0,True,McLaren,0 days 01:14:45.134000,2024-07-21 13:22:38.747,1,1.0,False,,False,True,84.299
0 days 01:17:33.670000,PIA,81,0 days 00:01:24.237000,16.0,1.0,,,0 days 00:00:30.211000,0 days 00:00:30.174000,0 days 00:00:23.852000,0 days 01:16:39.660000,0 days 01:17:09.834000,0 days 01:17:33.686000,,235.0,245.0,286.0,False,MEDIUM,16.0,True,McLaren,0 days 01:16:09.433000,2024-07-21 13:24:03.046,1,1.0,False,,False,True,84.237
0 days 01:18:57.918000,PIA,81,0 days 00:01:24.248000,17.0,1.0,,,0 days 00:00:30.290000,0 days 00:00:30.207000,0 days 00:00:23.751000,0 days 01:18:03.976000,0 days 01:18:34.183000,0 days 01:18:57.934000,270.0,238.0,244.0,285.0,False,MEDIUM,17.0,True,McLaren,0 days 01:17:33.670000,2024-07-21 13:25:27.283,1,1.0,False,,False,True,84.248
0 days 01:20:24.414000,PIA,81,0 days 00:01:26.496000,18.0,1.0,,0 days 01:20:22.641000,0 days 00:00:30.228000,0 days 00:00:30.152000,0 days 00:00:26.116000,0 days 01:19:28.162000,0 days 01:19:58.314000,0 days 01:20:24.430000,273.0,238.0,,,False,MEDIUM,18.0,True,McLaren,0 days 01:18:57.918000,2024-07-21 13:26:51.531,1,1.0,False,,False,False,86.496
0 days 01:22:06.893000,PIA,81,0 days 00:01:42.479000,19.0,2.0,0 days 01:20:44.313000,,0 days 00:00:48.506000,0 days 00:00:30.391000,0 days 00:00:23.582000,0 days 01:21:12.936000,0 days 01:21:43.327000,0 days 01:22:06.909000,273.0,236.0,244.0,,False,HARD,2.0,False,McLaren,0 days 01:20:24.414000,2024-07-21 13:28:18.027,1,4.0,False,,False,False,102.479
0 days 01:23:30.496000,PIA,81,0 days 00:01:23.603000,20.0,2.0,,,0 days 00:00:29.964000,0 days 00:00:30.107000,0 days 00:00:23.532000,0 days 01:22:36.873000,0 days 01:23:06.980000,0 days 01:23:30.512000,271.0,236.0,246.0,286.0,True,HARD,3.0,False,McLaren,0 days 01:22:06.893000,2024-07-21 13:30:00.506,1,4.0,False,,False,True,83.603
0 days 01:24:53.970000,PIA,81,0 days 00:01:23.474000,21.0,2.0,,,0 days 00:00:30.019000,0 days 00:00:29.893000,0 days 00:00:23.562000,0 days 01:24:00.531000,0 days 01:24:30.424000,0 days 01:24:53.986000,274.0,238.0,245.0,289.0,True,HARD,4.0,False,McLaren,0 days 01:23:30.496000,2024-07-21 13:31:24.109,1,3.0,False,,False,True,83.474
0 days 01:26:17.237000,PIA,81,0 days 00:01:23.267000,22.0,2.0,,,0 days 00:00:30.038000,0 days 00:00:29.836000,0 days 00:00:23.393000,0 days 01:25:24.024000,0 days 01:25:53.860000,0 days 01:26:17.253000,270.0,239.0,246.0,287.0,True,HARD,5.0,False,McLaren,0 days 01:24:53.970000,2024-07-21 13:32:47.583,1,2.0,False,,False,True,83.267
0 days 01:27:40.339000,PIA,81,0 days 00:01:23.102000,23.0,2.0,,,0 days 00:00:29.975000,0 days 00:00:29.689000,0 days 00:00:23.438000,0 days 01:26:47.228000,0 days 01:27:16.917000,0 days 01:27:40.355000,271.0,239.0,244.0,288.0,True,HARD,6.0,False,McLaren,0 days 01:26:17.237000,2024-07-21 13:34:10.850,1,2.0,False,,False,True,83.102
0 days 01:29:03.434000,PIA,81,0 days 00:01:23.095000,24.0,2.0,,,0 days 00:00:29.951000,0 days 00:00:29.712000,0 days 00:00:23.432000,0 days 01:28:10.306000,0 days 01:28:40.018000,0 days 01:29:03.450000,,238.0,246.0,286.0,True,HARD,7.0,False,McLaren,0 days 01:27:40.339000,2024-07-21 13:35:33.952,1,1.0,False,,False,True,83.095
0 days 01:30:26.396000,PIA,81,0 days 00:01:22.962000,25.0,2.0,,,0 days 00:00:30.010000,0 days 00:00:29.615000,0 days 00:00:23.337000,0 days 01:29:33.460000,0 days 01:30:03.075000,0 days 01:30:26.412000,272.0,238.0,245.0,,True,HARD,8.0,False,McLaren,0 days 01:29:03.434000,2024-07-21 13:36:57.047,1,1.0,False,,False,True,82.962
0 days 01:31:49.050000,PIA,81,0 days 00:01:22.654000,26.0,2.0,,,0 days 00:00:29.830000,0 days 00:00:29.559000,0 days 00:00:23.265000,0 days 01:30:56.242000,0 days 01:31:25.801000,0 days 01:31:49.066000,273.0,240.0,246.0,,True,HARD,9.0,False,McLaren,0 days 01:30:26.396000,2024-07-21 13:38:20.009,1,1.0,False,,False,True,82.654
0 days 01:33:11.797000,PIA,81,0 days 00:01:22.747000,27.0,2.0,,,0 days 00:00:29.915000,0 days 00:00:29.536000,0 days 00:00:23.296000,0 days 01:32:18.981000,0 days 01:32:48.517000,0 days 01:33:11.813000,272.0,240.0,246.0,287.0,False,HARD,10.0,False,McLaren,0 days 01:31:49.050000,2024-07-21 13:39:42.663,1,1.0,False,,False,True,82.747
0 days 01:34:34.587000,PIA,81,0 days 00:01:22.790000,28.0,2.0,,,0 days 00:00:29.906000,0 days 00:00:29.440000,0 days 00:00:23.444000,0 days 01:33:41.719000,0 days 01:34:11.159000,0 days 01:34:34.603000,273.0,240.0,246.0,,False,HARD,11.0,False,McLaren,0 days 01:33:11.797000,2024-07-21 13:41:05.410,1,1.0,False,,False,True,82.79
0 days 01:35:57.291000,PIA,81,0 days 00:01:22.704000,29.0,2.0,,,0 days 00:00:29.853000,0 days 00:00:29.450000,0 days 00:00:23.401000,0 days 01:35:04.456000,0 days 01:35:33.906000,0 days 01:35:57.307000,274.0,240.0,246.0,288.0,False,HARD,12.0,False,McLaren,0 days 01:34:34.587000,2024-07-21 13:42:28.200,1,1.0,False,,False,True,82.704
0 days 01:37:20.332000,PIA,81,0 days 00:01:23.041000,30.0,2.0,,,0 days 00:00:29.913000,0 days 00:00:29.524000,0 days 00:00:23.604000,0 days 01:36:27.220000,0 days 01:36:56.744000,0 days 01:37:20.348000,,240.0,245.0,287.0,False,HARD,13.0,False,McLaren,0 days 01:35:57.291000,2024-07-21 13:43:50.904,1,1.0,False,,False,True,83.041
0 days 01:38:43.504000,PIA,81,0 days 00:01:23.172000,31.0,2.0,,,0 days 00:00:29.918000,0 days 00:00:29.539000,0 days 00:00:23.715000,0 days 01:37:50.266000,0 days 01:38:19.805000,0 days 01:38:43.520000,,241.0,246.0,288.0,False,HARD,14.0,False,McLaren,0 days 01:37:20.332000,2024-07-21 13:45:13.945,1,1.0,False,,False,True,83.172
0 days 01:40:06.901000,PIA,81,0 days 00:01:23.397000,32.0,2.0,,,0 days 00:00:29.956000,0 days 00:00:29.712000,0 days 00:00:23.729000,0 days 01:39:13.476000,0 days 01:39:43.188000,0 days 01:40:06.917000,273.0,241.0,246.0,290.0,False,HARD,15.0,False,McLaren,0 days 01:38:43.504000,2024-07-21 13:46:37.117,1,1.0,False,,False,True,83.397
0 days 01:41:32.764000,PIA,81,0 days 00:01:25.863000,33.0,2.0,,,0 days 00:00:30.044000,0 days 00:00:30.614000,0 days 00:00:25.205000,0 days 01:40:36.961000,0 days 01:41:07.575000,0 days 01:41:32.780000,275.0,204.0,243.0,289.0,False,HARD,16.0,False,McLaren,0 days 01:40:06.901000,2024-07-21 13:48:00.514,1,1.0,True,TRACK LIMITS AT TURN 11 LAP 33 ,False,True,85.863
0 days 01:42:57.493000,PIA,81,0 days 00:01:24.729000,34.0,2.0,,,0 days 00:00:30.406000,0 days 00:00:30.392000,0 days 00:00:23.931000,0 days 01:42:03.186000,0 days 01:42:33.578000,0 days 01:42:57.509000,274.0,237.0,245.0,288.0,False,HARD,17.0,False,McLaren,0 days 01:41:32.764000,2024-07-21 13:49:26.377,1,1.0,False,,False,True,84.729
0 days 01:44:22.050000,PIA,81,0 days 00:01:24.557000,35.0,2.0,,,0 days 00:00:30.296000,0 days 00:00:30.278000,0 days 00:00:23.983000,0 days 01:43:27.805000,0 days 01:43:58.083000,0 days 01:44:22.066000,,238.0,245.0,289.0,False,HARD,18.0,False,McLaren,0 days 01:42:57.493000,2024-07-21 13:50:51.106,1,1.0,False,,False,True,84.557
0 days 01:45:46.243000,PIA,81,0 days 00:01:24.193000,36.0,2.0,,,0 days 00:00:30.178000,0 days 00:00:30.143000,0 days 00:00:23.872000,0 days 01:44:52.244000,0 days 01:45:22.387000,0 days 01:45:46.259000,,240.0,246.0,290.0,False,HARD,19.0,False,McLaren,0 days 01:44:22.050000,2024-07-21 13:52:15.663,1,1.0,False,,False,True,84.193
0 days 01:47:10.627000,PIA,81,0 days 00:01:24.384000,37.0,2.0,,,0 days 00:00:30.239000,0 days 00:00:30.152000,0 days 00:00:23.993000,0 days 01:46:16.498000,0 days 01:46:46.650000,0 days 01:47:10.643000,273.0,239.0,245.0,289.0,False,HARD,20.0,False,McLaren,0 days 01:45:46.243000,2024-07-21 13:53:39.856,1,1.0,False,,False,True,84.384
0 days 01:48:34.798000,PIA,81,0 days 00:01:24.171000,38.0,2.0,,,0 days 00:00:30.230000,0 days 00:00:30.106000,0 days 00:00:23.835000,0 days 01:47:40.873000,0 days 01:48:10.979000,0 days 01:48:34.814000,274.0,240.0,245.0,,False,HARD,21.0,False,McLaren,0 days 01:47:10.627000,2024-07-21 13:55:04.240,1,1.0,False,,False,True,84.171
0 days 01:49:59.038000,PIA,81,0 days 00:01:24.240000,39.0,2.0,,,0 days 00:00:30.326000,0 days 00:00:30.158000,0 days 00:00:23.756000,0 days 01:49:05.140000,0 days 01:49:35.298000,0 days 01:49:59.054000,,238.0,245.0,288.0,False,HARD,22.0,False,McLaren,0 days 01:48:34.798000,2024-07-21 13:56:28.411,1,1.0,False,,False,True,84.24
0 days 01:51:22.798000,PIA,81,0 days 00:01:23.760000,40.0,2.0,,,0 days 00:00:30.155000,0 days 00:00:29.872000,0 days 00:00:23.733000,0 days 01:50:29.209000,0 days 01:50:59.081000,0 days 01:51:22.814000,,240.0,245.0,,False,HARD,23.0,False,McLaren,0 days 01:49:59.038000,2024-07-21 13:57:52.651,1,1.0,False,,False,True,83.76
0 days 01:52:46.748000,PIA,81,0 days 00:01:23.950000,41.0,2.0,,,0 days 00:00:30.130000,0 days 00:00:29.953000,0 days 00:00:23.867000,0 days 01:51:52.944000,0 days 01:52:22.897000,0 days 01:52:46.764000,280.0,241.0,245.0,,False,HARD,24.0,False,McLaren,0 days 01:51:22.798000,2024-07-21 13:59:16.411,1,1.0,False,,False,True,83.95
0 days 01:54:10.819000,PIA,81,0 days 00:01:24.071000,42.0,2.0,,,0 days 00:00:30.189000,0 days 00:00:30.002000,0 days 00:00:23.880000,0 days 01:53:16.953000,0 days 01:53:46.955000,0 days 01:54:10.835000,281.0,239.0,246.0,289.0,False,HARD,25.0,False,McLaren,0 days 01:52:46.748000,2024-07-21 14:00:40.361,1,1.0,False,,False,True,84.071
0 days 01:55:35.019000,PIA,81,0 days 00:01:24.200000,43.0,2.0,,,0 days 00:00:30.145000,0 days 00:00:30.214000,0 days 00:00:23.841000,0 days 01:54:40.980000,0 days 01:55:11.194000,0 days 01:55:35.035000,279.0,237.0,246.0,,False,HARD,26.0,False,McLaren,0 days 01:54:10.819000,2024-07-21 14:02:04.432,1,1.0,False,,False,True,84.2
0 days 01:56:59.052000,PIA,81,0 days 00:01:24.033000,44.0,2.0,,,0 days 00:00:30.189000,0 days 00:00:30.028000,0 days 00:00:23.816000,0 days 01:56:05.224000,0 days 01:56:35.252000,0 days 01:56:59.068000,,239.0,244.0,,False,HARD,27.0,False,McLaren,0 days 01:55:35.019000,2024-07-21 14:03:28.632,1,1.0,False,,False,True,84.033
0 days 01:58:23.156000,PIA,81,0 days 00:01:24.104000,45.0,2.0,,,0 days 00:00:30.242000,0 days 00:00:29.993000,0 days 00:00:23.869000,0 days 01:57:29.310000,0 days 01:57:59.303000,0 days 01:58:23.172000,,241.0,247.0,288.0,False,HARD,28.0,False,McLaren,0 days 01:56:59.052000,2024-07-21 14:04:52.665,1,1.0,False,,False,True,84.104
0 days 01:59:47.367000,PIA,81,0 days 00:01:24.211000,46.0,2.0,,,0 days 00:00:30.174000,0 days 00:00:30.104000,0 days 00:00:23.933000,0 days 01:58:53.346000,0 days 01:59:23.450000,0 days 01:59:47.383000,280.0,238.0,247.0,292.0,False,HARD,29.0,False,McLaren,0 days 01:58:23.156000,2024-07-21 14:06:16.769,1,1.0,False,,False,True,84.211
0 days 02:01:13.619000,PIA,81,0 days 00:01:26.252000,47.0,2.0,,0 days 02:01:11.866000,0 days 00:00:30.222000,0 days 00:00:30.039000,0 days 00:00:25.991000,0 days 02:00:17.605000,0 days 02:00:47.644000,0 days 02:01:13.635000,275.0,241.0,,,False,HARD,30.0,False,McLaren,0 days 01:59:47.367000,2024-07-21 14:07:40.980,1,1.0,False,,False,False,86.252
0 days 02:02:55.003000,PIA,81,0 days 00:01:41.384000,48.0,3.0,0 days 02:01:33.722000,,0 days 00:00:48.247000,0 days 00:00:29.801000,0 days 00:00:23.336000,0 days 02:02:01.882000,0 days 02:02:31.683000,0 days 02:02:55.019000,274.0,241.0,248.0,,False,MEDIUM,2.0,False,McLaren,0 days 02:01:13.619000,2024-07-21 14:09:07.232,1,3.0,False,,False,False,101.384
0 days 02:04:17.393000,PIA,81,0 days 00:01:22.390000,49.0,3.0,,,0 days 00:00:29.591000,0 days 00:00:29.403000,0 days 00:00:23.396000,0 days 02:03:24.610000,0 days 02:03:54.013000,0 days 02:04:17.409000,273.0,238.0,249.0,289.0,True,MEDIUM,3.0,False,McLaren,0 days 02:02:55.003000,2024-07-21 14:10:48.616,1,3.0,False,,False,True,82.39
0 days 02:05:39.256000,PIA,81,0 days 00:01:21.863000,50.0,3.0,,,0 days 00:00:29.517000,0 days 00:00:29.030000,0 days 00:00:23.316000,0 days 02:04:46.926000,0 days 02:05:15.956000,0 days 02:05:39.272000,274.0,244.0,248.0,290.0,True,MEDIUM,4.0,False,McLaren,0 days 02:04:17.393000,2024-07-21 14:12:11.006,1,2.0,False,,False,True,81.863
0 days 02:07:00.972000,PIA,81,0 days 00:01:21.716000,51.0,3.0,,,0 days 00:00:29.609000,0 days 00:00:29.013000,0 days 00:00:23.094000,0 days 02:06:08.881000,0 days 02:06:37.894000,0 days 02:07:00.988000,275.0,244.0,250.0,,True,MEDIUM,5.0,False,McLaren,0 days 02:05:39.256000,2024-07-21 14:13:32.869,1,2.0,False,,False,True,81.716
0 days 02:08:22.833000,PIA,81,0 days 00:01:21.861000,52.0,3.0,,,0 days 00:00:29.565000,0 days 00:00:28.964000,0 days 00:00:23.332000,0 days 02:07:30.553000,0 days 02:07:59.517000,0 days 02:08:22.849000,276.0,242.0,249.0,291.0,False,MEDIUM,6.0,False,McLaren,0 days 02:07:00.972000,2024-07-21 14:14:54.585,1,2.0,False,,False,True,81.861
0 days 02:09:45.200000,PIA,81,0 days 00:01:22.367000,53.0,3.0,,,0 days 00:00:29.562000,0 days 00:00:29.328000,0 days 00:00:23.477000,0 days 02:08:52.411000,0 days 02:09:21.739000,0 days 02:09:45.216000,281.0,246.0,249.0,294.0,False,MEDIUM,7.0,False,McLaren,0 days 02:08:22.833000,2024-07-21 14:16:16.446,1,2.0,False,,False,True,82.367
0 days 02:11:07.361000,PIA,81,0 days 00:01:22.161000,54.0,3.0,,,0 days 00:00:29.613000,0 days 00:00:29.110000,0 days 00:00:23.438000,0 days 02:10:14.829000,0 days 02:10:43.939000,0 days 02:11:07.377000,282.0,243.0,249.0,292.0,False,MEDIUM,8.0,False,McLaren,0 days 02:09:45.200000,2024-07-21 14:17:38.813,1,2.0,False,,False,True,82.161
0 days 02:12:29.219000,PIA,81,0 days 00:01:21.858000,55.0,3.0,,,0 days 00:00:29.665000,0 days 00:00:28.934000,0 days 00:00:23.259000,0 days 02:11:37.042000,0 days 02:12:05.976000,0 days 02:12:29.235000,,247.0,249.0,293.0,False,MEDIUM,9.0,False,McLaren,0 days 02:11:07.361000,2024-07-21 14:19:00.974,1,2.0,False,,False,True,81.858
0 days 02:13:51.410000,PIA,81,0 days 00:01:22.191000,56.0,3.0,,,0 days 00:00:29.542000,0 days 00:00:29.001000,0 days 00:00:23.648000,0 days 02:12:58.777000,0 days 02:13:27.778000,0 days 02:13:51.426000,283.0,244.0,253.0,292.0,False,MEDIUM,10.0,False,McLaren,0 days 02:12:29.219000,2024-07-21 14:20:22.832,1,2.0,False,,False,True,82.191
0 days 02:15:13.915000,PIA,81,0 days 00:01:22.505000,57.0,3.0,,,0 days 00:00:29.777000,0 days 00:00:29.164000,0 days 00:00:23.564000,0 days 02:14:21.203000,0 days 02:14:50.367000,0 days 02:15:13.931000,282.0,243.0,247.0,306.0,False,MEDIUM,11.0,False,McLaren,0 days 02:13:51.410000,2024-07-21 14:21:45.023,1,2.0,False,,False,True,82.505
0 days 02:16:36.346000,PIA,81,0 days 00:01:22.431000,58.0,3.0,,,0 days 00:00:29.735000,0 days 00:00:29.367000,0 days 00:00:23.329000,0 days 02:15:43.666000,0 days 02:16:13.033000,0 days 02:16:36.362000,284.0,245.0,248.0,293.0,False,MEDIUM,12.0,False,McLaren,0 days 02:15:13.915000,2024-07-21 14:23:07.528,1,2.0,False,,False,True,82.431
0 days 02:17:58.354000,PIA,81,0 days 00:01:22.008000,59.0,3.0,,,0 days 00:00:29.607000,0 days 00:00:28.881000,0 days 00:00:23.520000,0 days 02:17:05.969000,0 days 02:17:34.850000,0 days 02:17:58.370000,283.0,245.0,248.0,290.0,False,MEDIUM,13.0,False,McLaren,0 days 02:16:36.346000,2024-07-21 14:24:29.959,1,2.0,False,,False,True,82.008
0 days 02:19:20.896000,PIA,81,0 days 00:01:22.542000,60.0,3.0,,,0 days 00:00:29.774000,0 days 00:00:29.283000,0 days 00:00:23.485000,0 days 02:18:28.144000,0 days 02:18:57.427000,0 days 02:19:20.912000,284.0,244.0,248.0,291.0,False,MEDIUM,14.0,False,McLaren,0 days 02:17:58.354000,2024-07-21 14:25:51.967,1,2.0,False,,False,True,82.542
0 days 02:20:42.956000,PIA,81,0 days 00:01:22.060000,61.0,3.0,,,0 days 00:00:29.590000,0 days 00:00:29.144000,0 days 00:00:23.326000,0 days 02:19:50.502000,0 days 02:20:19.646000,0 days 02:20:42.972000,283.0,246.0,249.0,290.0,False,MEDIUM,15.0,False,McLaren,0 days 02:19:20.896000,2024-07-21 14:27:14.509,1,2.0,False,,False,True,82.06
0 days 02:22:05.113000,PIA,81,0 days 00:01:22.157000,62.0,3.0,,,0 days 00:00:29.725000,0 days 00:00:29.072000,0 days 00:00:23.360000,0 days 02:21:12.697000,0 days 02:21:41.769000,0 days 02:22:05.129000,,245.0,248.0,,False,MEDIUM,16.0,False,McLaren,0 days 02:20:42.956000,2024-07-21 14:28:36.569,1,2.0,False,,False,True,82.157
0 days 02:23:27.572000,PIA,81,0 days 00:01:22.459000,63.0,3.0,,,0 days 00:00:29.775000,0 days 00:00:29.213000,0 days 00:00:23.471000,0 days 02:22:34.904000,0 days 02:23:04.117000,0 days 02:23:27.588000,,244.0,248.0,291.0,False,MEDIUM,17.0,False,McLaren,0 days 02:22:05.113000,2024-07-21 14:29:58.726,12,2.0,False,,False,True,82.459
0 days 02:24:50.632000,PIA,81,0 days 00:01:23.060000,64.0,3.0,,,0 days 00:00:29.976000,0 days 00:00:29.232000,0 days 00:00:23.852000,0 days 02:23:57.564000,0 days 02:24:26.796000,0 days 02:24:50.648000,282.0,243.0,247.0,290.0,False,MEDIUM,18.0,False,McLaren,0 days 02:23:27.572000,2024-07-21 14:31:21.185,1,2.0,False,,False,True,83.06
0 days 02:26:13.403000,PIA,81,0 days 00:01:22.771000,65.0,3.0,,,0 days 00:00:29.918000,0 days 00:00:29.444000,0 days 00:00:23.409000,0 days 02:25:20.566000,0 days 02:25:50.010000,0 days 02:26:13.419000,283.0,247.0,248.0,,False,MEDIUM,19.0,False,McLaren,0 days 02:24:50.632000,2024-07-21 14:32:44.245,1,2.0,False,,False,True,82.771
0 days 02:27:36.048000,PIA,81,0 days 00:01:22.645000,66.0,3.0,,,0 days 00:00:29.888000,0 days 00:00:29.244000,0 days 00:00:23.513000,0 days 02:26:43.307000,0 days 02:27:12.551000,0 days 02:27:36.064000,281.0,244.0,248.0,289.0,False,MEDIUM,20.0,False,McLaren,0 days 02:26:13.403000,2024-07-21 14:34:07.016,1,2.0,False,,False,True,82.645
0 days 02:28:58.668000,PIA,81,0 days 00:01:22.620000,67.0,3.0,,,0 days 00:00:29.825000,0 days 00:00:29.262000,0 days 00:00:23.533000,0 days 02:28:05.889000,0 days 02:28:35.151000,0 days 02:28:58.684000,,244.0,250.0,290.0,False,MEDIUM,21.0,False,McLaren,0 days 02:27:36.048000,2024-07-21 14:35:29.661,1,2.0,False,,False,True,82.62
0 days 02:30:21.667000,PIA,81,0 days 00:01:22.999000,68.0,3.0,,,0 days 00:00:30.041000,0 days 00:00:29.395000,0 days 00:00:23.563000,0 days 02:29:28.725000,0 days 02:29:58.120000,0 days 02:30:21.683000,280.0,243.0,249.0,292.0,False,MEDIUM,22.0,False,McLaren,0 days 02:28:58.668000,2024-07-21 14:36:52.281,1,1.0,False,,False,True,82.999
0 days 02:31:44.264000,PIA,81,0 days 00:01:22.597000,69.0,3.0,,,0 days 00:00:29.801000,0 days 00:00:29.253000,0 days 00:00:23.543000,0 days 02:30:51.484000,0 days 02:31:20.737000,0 days 02:31:44.280000,282.0,245.0,249.0,293.0,False,MEDIUM,23.0,False,McLaren,0 days 02:30:21.667000,2024-07-21 14:38:15.280,1,1.0,False,,False,True,82.597
0 days 02:33:07.191000,PIA,81,0 days 00:01:22.927000,70.0,3.0,,,0 days 00:00:29.805000,0 days 00:00:29.446000,0 days 00:00:23.676000,0 days 02:32:14.085000,0 days 02:32:43.531000,0 days 02:33:07.207000,,242.0,249.0,,False,MEDIUM,24.0,False,McLaren,0 days 02:31:44.264000,2024-07-21 14:39:37.877,1,1.0,False,,False,True,82.927
0 days 00:56:34.591000,NOR,4,0 days 00:01:29.389000,1.0,1.0,,,,0 days 00:00:30.754000,0 days 00:00:23.631000,,0 days 00:56:11.051000,0 days 00:56:34.749000,274.0,238.0,248.0,242.0,False,MEDIUM,1.0,True,McLaren,0 days 00:55:04.938000,2024-07-21 13:02:58.551,1,3.0,False,,False,False,89.389
0 days 00:57:58.831000,NOR,4,0 days 00:01:24.240000,2.0,1.0,,,0 days 00:00:30.091000,0 days 00:00:30.380000,0 days 00:00:23.769000,0 days 00:57:04.740000,0 days 00:57:35.120000,0 days 00:57:58.889000,272.0,235.0,245.0,291.0,True,MEDIUM,2.0,True,McLaren,0 days 00:56:34.591000,2024-07-21 13:04:28.204,1,3.0,False,,False,True,84.24
0 days 00:59:23.224000,NOR,4,0 days 00:01:24.393000,3.0,1.0,,,0 days 00:00:30.228000,0 days 00:00:30.495000,0 days 00:00:23.670000,0 days 00:58:29.117000,0 days 00:58:59.612000,0 days 00:59:23.282000,270.0,234.0,244.0,288.0,False,MEDIUM,3.0,True,McLaren,0 days 00:57:58.831000,2024-07-21 13:05:52.444,1,3.0,False,,False,True,84.393
0 days 01:00:46.851000,NOR,4,0 days 00:01:23.627000,4.0,1.0,,,0 days 00:00:30.223000,0 days 00:00:29.904000,0 days 00:00:23.500000,0 days 00:59:53.505000,0 days 01:00:23.409000,0 days 01:00:46.909000,268.0,234.0,247.0,290.0,True,MEDIUM,4.0,True,McLaren,0 days 00:59:23.224000,2024-07-21 13:07:16.837,1,2.0,False,,False,True,83.627
0 days 01:02:10.655000,NOR,4,0 days 00:01:23.804000,5.0,1.0,,,0 days 00:00:30.284000,0 days 00:00:29.917000,0 days 00:00:23.603000,0 days 01:01:17.193000,0 days 01:01:47.110000,0 days 01:02:10.713000,269.0,238.0,245.0,289.0,False,MEDIUM,5.0,True,McLaren,0 days 01:00:46.851000,2024-07-21 13:08:40.464,1,2.0,False,,False,True,83.804
0 days 01:03:34.700000,NOR,4,0 days 00:01:24.045000,6.0,1.0,,,0 days 00:00:30.415000,0 days 00:00:29.914000,0 days 00:00:23.716000,0 days 01:02:41.128000,0 days 01:03:11.042000,0 days 01:03:34.758000,268.0,238.0,246.0,288.0,False,MEDIUM,6.0,True,McLaren,0 days 01:02:10.655000,2024-07-21 13:10:04.268,1,2.0,False,,False,True,84.045
0 days 01:04:58.785000,NOR,4,0 days 00:01:24.085000,7.0,1.0,,,0 days 00:00:30.296000,0 days 00:00:29.973000,0 days 00:00:23.816000,0 days 01:04:05.054000,0 days 01:04:35.027000,0 days 01:04:58.843000,276.0,239.0,247.0,289.0,False,MEDIUM,7.0,True,McLaren,0 days 01:03:34.700000,2024-07-21 13:11:28.313,1,2.0,False,,False,True,84.085
0 days 01:06:22.812000,NOR,4,0 days 00:01:24.027000,8.0,1.0,,,0 days 00:00:30.337000,0 days 00:00:29.946000,0 days 00:00:23.744000,0 days 01:05:29.180000,0 days 01:05:59.126000,0 days 01:06:22.870000,,239.0,247.0,,False,MEDIUM,8.0,True,McLaren,0 days 01:04:58.785000,2024-07-21 13:12:52.398,1,2.0,False,,False,True,84.027
0 days 01:07:47.037000,NOR,4,0 days 00:01:24.225000,9.0,1.0,,,0 days 00:00:30.252000,0 days 00:00:30.140000,0 days 00:00:23.833000,0 days 01:06:53.122000,0 days 01:07:23.262000,0 days 01:07:47.095000,277.0,235.0,246.0,,False,MEDIUM,9.0,True,McLaren,0 days 01:06:22.812000,2024-07-21 13:14:16.425,1,2.0,False,,False,True,84.225
0 days 01:09:11.545000,NOR,4,0 days 00:01:24.508000,10.0,1.0,,,0 days 00:00:30.388000,0 days 00:00:30.145000,0 days 00:00:23.975000,0 days 01:08:17.483000,0 days 01:08:47.628000,0 days 01:09:11.603000,276.0,237.0,246.0,288.0,False,MEDIUM,10.0,True,McLaren,0 days 01:07:47.037000,2024-07-21 13:15:40.650,1,2.0,False,,False,True,84.508
0 days 01:10:35.790000,NOR,4,0 days 00:01:24.245000,11.0,1.0,,,0 days 00:00:30.398000,0 days 00:00:30.098000,0 days 00:00:23.749000,0 days 01:09:42.001000,0 days 01:10:12.099000,0 days 01:10:35.848000,,240.0,245.0,289.0,False,MEDIUM,11.0,True,McLaren,0 days 01:09:11.545000,2024-07-21 13:17:05.158,1,2.0,False,,False,True,84.245
0 days 01:11:59.832000,NOR,4,0 days 00:01:24.042000,12.0,1.0,,,0 days 00:00:30.312000,0 days 00:00:29.918000,0 days 00:00:23.812000,0 days 01:11:06.160000,0 days 01:11:36.078000,0 days 01:11:59.890000,275.0,238.0,245.0,288.0,False,MEDIUM,12.0,True,McLaren,0 days 01:10:35.790000,2024-07-21 13:18:29.403,1,2.0,False,,False,True,84.042
0 days 01:13:24.175000,NOR,4,0 days 00:01:24.343000,13.0,1.0,,,0 days 00:00:30.361000,0 days 00:00:30.084000,0 days 00:00:23.898000,0 days 01:12:30.251000,0 days 01:13:00.335000,0 days 01:13:24.233000,278.0,239.0,245.0,,False,MEDIUM,13.0,True,McLaren,0 days 01:11:59.832000,2024-07-21 13:19:53.445,1,2.0,False,,False,True,84.343
0 days 01:14:48.542000,NOR,4,0 days 00:01:24.367000,14.0,1.0,,,0 days 00:00:30.254000,0 days 00:00:30.100000,0 days 00:00:24.013000,0 days 01:13:54.487000,0 days 01:14:24.587000,0 days 01:14:48.600000,,240.0,243.0,287.0,False,MEDIUM,14.0,True,McLaren,0 days 01:13:24.175000,2024-07-21 13:21:17.788,1,2.0,False,,False,True,84.367
0 days 01:16:12.876000,NOR,4,0 days 00:01:24.334000,15.0,1.0,,,0 days 00:00:30.317000,0 days 00:00:30.107000,0 days 00:00:23.910000,0 days 01:15:18.917000,0 days 01:15:49.024000,0 days 01:16:12.934000,,238.0,244.0,288.0,False,MEDIUM,15.0,True,McLaren,0 days 01:14:48.542000,2024-07-21 13:22:42.155,1,2.0,False,,False,True,84.334
0 days 01:17:37.172000,NOR,4,0 days 00:01:24.296000,16.0,1.0,,,0 days 00:00:30.267000,0 days 00:00:30.153000,0 days 00:00:23.876000,0 days 01:16:43.201000,0 days 01:17:13.354000,0 days 01:17:37.230000,279.0,238.0,245.0,,False,MEDIUM,16.0,True,McLaren,0 days 01:16:12.876000,2024-07-21 13:24:06.489,1,2.0,False,,False,True,84.296
0 days 01:19:03.657000,NOR,4,0 days 00:01:26.485000,17.0,1.0,,0 days 01:19:02.037000,0 days 00:00:30.305000,0 days 00:00:30.116000,0 days 00:00:26.064000,0 days 01:18:07.535000,0 days 01:18:37.651000,0 days 01:19:03.715000,275.0,237.0,,287.0,False,MEDIUM,17.0,True,McLaren,0 days 01:17:37.172000,2024-07-21 13:25:30.785,1,2.0,False,,False,False,86.485
0 days 01:20:45.464000,NOR,4,0 days 00:01:41.807000,18.0,2.0,0 days 01:19:23.763000,,0 days 00:00:48.578000,0 days 00:00:29.961000,0 days 00:00:23.268000,0 days 01:19:52.293000,0 days 01:20:22.254000,0 days 01:20:45.522000,269.0,234.0,245.0,,False,HARD,2.0,False,McLaren,0 days 01:19:03.657000,2024-07-21 13:26:57.270,1,5.0,False,,False,False,101.807
0 days 01:22:09.243000,NOR,4,0 days 00:01:23.779000,19.0,2.0,,,0 days 00:00:30.134000,0 days 00:00:29.999000,0 days 00:00:23.646000,0 days 01:21:15.656000,0 days 01:21:45.655000,0 days 01:22:09.301000,274.0,236.0,246.0,285.0,False,HARD,3.0,False,McLaren,0 days 01:20:45.464000,2024-07-21 13:28:39.077,1,5.0,False,,False,True,83.779
0 days 01:23:32.698000,NOR,4,0 days 00:01:23.455000,20.0,2.0,,,0 days 00:00:29.963000,0 days 00:00:29.907000,0 days 00:00:23.585000,0 days 01:22:39.264000,0 days 01:23:09.171000,0 days 01:23:32.756000,275.0,236.0,246.0,288.0,True,HARD,4.0,False,McLaren,0 days 01:22:09.243000,2024-07-21 13:30:02.856,1,5.0,False,,False,True,83.455
0 days 01:24:56.361000,NOR,4,0 days 00:01:23.663000,21.0,2.0,,,0 days 00:00:30.219000,0 days 00:00:29.951000,0 days 00:00:23.493000,0 days 01:24:02.975000,0 days 01:24:32.926000,0 days 01:24:56.419000,274.0,237.0,247.0,289.0,False,HARD,5.0,False,McLaren,0 days 01:23:32.698000,2024-07-21 13:31:26.311,1,5.0,False,,False,True,83.663
0 days 01:26:19.875000,NOR,4,0 days 00:01:23.514000,22.0,2.0,,,0 days 00:00:30.121000,0 days 00:00:29.898000,0 days 00:00:23.495000,0 days 01:25:26.540000,0 days 01:25:56.438000,0 days 01:26:19.933000,,236.0,246.0,290.0,False,HARD,6.0,False,McLaren,0 days 01:24:56.361000,2024-07-21 13:32:49.974,1,3.0,False,,False,True,83.514
0 days 01:27:43.294000,NOR,4,0 days 00:01:23.419000,23.0,2.0,,,0 days 00:00:30.119000,0 days 00:00:29.755000,0 days 00:00:23.545000,0 days 01:26:50.052000,0 days 01:27:19.807000,0 days 01:27:43.352000,,238.0,247.0,,True,HARD,7.0,False,McLaren,0 days 01:26:19.875000,2024-07-21 13:34:13.488,1,3.0,False,,False,True,83.419
0 days 01:29:06.648000,NOR,4,0 days 00:01:23.354000,24.0,2.0,,,0 days 00:00:30.067000,0 days 00:00:29.814000,0 days 00:00:23.473000,0 days 01:28:13.419000,0 days 01:28:43.233000,0 days 01:29:06.706000,275.0,240.0,247.0,289.0,True,HARD,8.0,False,McLaren,0 days 01:27:43.294000,2024-07-21 13:35:36.907,1,2.0,False,,False,True,83.354
0 days 01:30:29.712000,NOR,4,0 days 00:01:23.064000,25.0,2.0,,,0 days 00:00:29.964000,0 days 00:00:29.622000,0 days 00:00:23.478000,0 days 01:29:36.670000,0 days 01:30:06.292000,0 days 01:30:29.770000,,240.0,246.0,,True,HARD,9.0,False,McLaren,0 days 01:29:06.648000,2024-07-21 13:37:00.261,1,2.0,False,,False,True,83.064
0 days 01:31:52.725000,NOR,4,0 days 00:01:23.013000,26.0,2.0,,,0 days 00:00:29.964000,0 days 00:00:29.630000,0 days 00:00:23.419000,,0 days 01:31:29.364000,0 days 01:31:52.783000,,242.0,247.0,288.0,True,HARD,10.0,False,McLaren,0 days 01:30:29.712000,2024-07-21 13:38:23.325,1,2.0,False,,False,True,83.013
0 days 01:33:15.597000,NOR,4,0 days 00:01:22.872000,27.0,2.0,,,0 days 00:00:29.957000,0 days 00:00:29.494000,0 days 00:00:23.421000,0 days 01:32:22.740000,0 days 01:32:52.234000,0 days 01:33:15.655000,276.0,242.0,246.0,289.0,True,HARD,11.0,False,McLaren,0 days 01:31:52.725000,2024-07-21 13:39:46.338,1,2.0,False,,False,True,82.872
0 days 01:34:38.458000,NOR,4,0 days 00:01:22.861000,28.0,2.0,,,0 days 00:00:29.980000,0 days 00:00:29.405000,0 days 00:00:23.476000,0 days 01:33:45.635000,0 days 01:34:15.040000,0 days 01:34:38.516000,275.0,242.0,248.0,,True,HARD,12.0,False,McLaren,0 days 01:33:15.597000,2024-07-21 13:41:09.210,1,2.0,False,,False,True,82.861
0 days 01:36:01.278000,NOR,4,0 days 00:01:22.820000,29.0,2.0,,,0 days 00:00:29.948000,0 days 00:00:29.464000,0 days 00:00:23.408000,0 days 01:35:08.464000,0 days 01:35:37.928000,0 days 01:36:01.336000,,243.0,245.0,,True,HARD,13.0,False,McLaren,0 days 01:34:38.458000,2024-07-21 13:42:32.071,1,2.0,False,,False,True,82.82
0 days 01:37:24.601000,NOR,4,0 days 00:01:23.323000,30.0,2.0,,,0 days 00:00:30.077000,0 days 00:00:29.548000,0 days 00:00:23.698000,0 days 01:36:31.413000,0 days 01:37:00.961000,0 days 01:37:24.659000,276.0,243.0,246.0,288.0,False,HARD,14.0,False,McLaren,0 days 01:36:01.278000,2024-07-21 13:43:54.891,1,2.0,False,,False,True,83.323
0 days 01:38:47.848000,NOR,4,0 days 00:01:23.247000,31.0,2.0,,,0 days 00:00:30.004000,0 days 00:00:29.563000,0 days 00:00:23.680000,0 days 01:37:54.663000,0 days 01:38:24.226000,0 days 01:38:47.906000,275.0,244.0,246.0,289.0,False,HARD,15.0,False,McLaren,0 days 01:37:24.601000,2024-07-21 13:45:18.214,1,2.0,False,,False,True,83.247
0 days 01:40:11.304000,NOR,4,0 days 00:01:23.456000,32.0,2.0,,,0 days 00:00:30.018000,0 days 00:00:29.732000,0 days 00:00:23.706000,0 days 01:39:17.924000,0 days 01:39:47.656000,0 days 01:40:11.362000,274.0,243.0,246.0,,False,HARD,16.0,False,McLaren,0 days 01:38:47.848000,2024-07-21 13:46:41.461,1,2.0,False,,False,True,83.456
0 days 01:41:35.296000,NOR,4,0 days 00:01:23.992000,33.0,2.0,,,0 days 00:00:30.060000,0 days 00:00:29.926000,0 days 00:00:24.006000,0 days 01:40:41.422000,0 days 01:41:11.348000,0 days 01:41:35.354000,276.0,242.0,246.0,290.0,False,HARD,17.0,False,McLaren,0 days 01:40:11.304000,2024-07-21 13:48:04.917,1,2.0,False,,False,True,83.992
0 days 01:42:59.450000,NOR,4,0 days 00:01:24.154000,34.0,2.0,,,0 days 00:00:30.284000,0 days 00:00:29.958000,0 days 00:00:23.912000,0 days 01:42:05.638000,0 days 01:42:35.596000,0 days 01:42:59.508000,,240.0,245.0,292.0,False,HARD,18.0,False,McLaren,0 days 01:41:35.296000,2024-07-21 13:49:28.909,1,2.0,False,,False,True,84.154
0 days 01:44:23.650000,NOR,4,0 days 00:01:24.200000,35.0,2.0,,,0 days 00:00:30.275000,0 days 00:00:29.976000,0 days 00:00:23.949000,0 days 01:43:29.783000,0 days 01:43:59.759000,0 days 01:44:23.708000,,240.0,246.0,291.0,False,HARD,19.0,False,McLaren,0 days 01:42:59.450000,2024-07-21 13:50:53.063,1,2.0,False,,False,True,84.2
0 days 01:45:47.746000,NOR,4,0 days 00:01:24.096000,36.0,2.0,,,0 days 00:00:30.344000,0 days 00:00:29.841000,0 days 00:00:23.911000,0 days 01:44:54.052000,0 days 01:45:23.893000,0 days 01:45:47.804000,,242.0,246.0,,False,HARD,20.0,False,McLaren,0 days 01:44:23.650000,2024-07-21 13:52:17.263,1,2.0,False,,False,True,84.096
0 days 01:47:12,NOR,4,0 days 00:01:24.254000,37.0,2.0,,,0 days 00:00:30.306000,0 days 00:00:30.072000,0 days 00:00:23.876000,0 days 01:46:18.110000,0 days 01:46:48.182000,0 days 01:47:12.058000,277.0,242.0,248.0,,False,HARD,21.0,False,McLaren,0 days 01:45:47.746000,2024-07-21 13:53:41.359,1,2.0,False,,False,True,84.254
0 days 01:48:36.154000,NOR,4,0 days 00:01:24.154000,38.0,2.0,,,0 days 00:00:30.252000,0 days 00:00:29.977000,0 days 00:00:23.925000,0 days 01:47:42.310000,0 days 01:48:12.287000,0 days 01:48:36.212000,276.0,241.0,247.0,292.0,False,HARD,22.0,False,McLaren,0 days 01:47:12,2024-07-21 13:55:05.613,1,2.0,False,,False,True,84.154
0 days 01:50:00.340000,NOR,4,0 days 00:01:24.186000,39.0,2.0,,,0 days 00:00:30.367000,0 days 00:00:30.038000,0 days 00:00:23.781000,0 days 01:49:06.579000,0 days 01:49:36.617000,0 days 01:50:00.398000,277.0,241.0,247.0,291.0,False,HARD,23.0,False,McLaren,0 days 01:48:36.154000,2024-07-21 13:56:29.767,1,2.0,False,,False,True,84.186
0 days 01:51:24.420000,NOR,4,0 days 00:01:24.080000,40.0,2.0,,,0 days 00:00:30.219000,0 days 00:00:29.989000,0 days 00:00:23.872000,0 days 01:50:30.617000,0 days 01:51:00.606000,0 days 01:51:24.478000,281.0,241.0,247.0,,False,HARD,24.0,False,McLaren,0 days 01:50:00.340000,2024-07-21 13:57:53.953,1,2.0,False,,False,True,84.08
0 days 01:52:48.609000,NOR,4,0 days 00:01:24.189000,41.0,2.0,,,0 days 00:00:30.268000,0 days 00:00:30.092000,0 days 00:00:23.829000,0 days 01:51:54.746000,0 days 01:52:24.838000,0 days 01:52:48.667000,,241.0,247.0,290.0,False,HARD,25.0,False,McLaren,0 days 01:51:24.420000,2024-07-21 13:59:18.033,1,2.0,False,,False,True,84.189
0 days 01:54:12.610000,NOR,4,0 days 00:01:24.001000,42.0,2.0,,,0 days 00:00:30.220000,0 days 00:00:29.973000,0 days 00:00:23.808000,0 days 01:53:18.887000,0 days 01:53:48.860000,0 days 01:54:12.668000,283.0,241.0,247.0,291.0,False,HARD,26.0,False,McLaren,0 days 01:52:48.609000,2024-07-21 14:00:42.222,1,2.0,False,,False,True,84.001
0 days 01:55:36.673000,NOR,4,0 days 00:01:24.063000,43.0,2.0,,,0 days 00:00:30.209000,0 days 00:00:29.997000,0 days 00:00:23.857000,0 days 01:54:42.877000,0 days 01:55:12.874000,0 days 01:55:36.731000,281.0,239.0,247.0,,False,HARD,27.0,False,McLaren,0 days 01:54:12.610000,2024-07-21 14:02:06.223,1,2.0,False,,False,True,84.063
0 days 01:57:01.103000,NOR,4,0 days 00:01:24.430000,44.0,2.0,,,0 days 00:00:30.414000,0 days 00:00:30.049000,0 days 00:00:23.967000,0 days 01:56:07.145000,0 days 01:56:37.194000,0 days 01:57:01.161000,282.0,241.0,245.0,290.0,False,HARD,28.0,False,McLaren,0 days 01:55:36.673000,2024-07-21 14:03:30.286,1,2.0,False,,False,True,84.43
0 days 01:58:27.431000,NOR,4,0 days 00:01:26.328000,45.0,2.0,,0 days 01:58:25.665000,0 days 00:00:30.338000,0 days 00:00:29.890000,0 days 00:00:26.100000,0 days 01:57:31.499000,0 days 01:58:01.389000,0 days 01:58:27.489000,280.0,243.0,,,False,HARD,29.0,False,McLaren,0 days 01:57:01.103000,2024-07-21 14:04:54.716,1,2.0,False,,False,False,86.328
0 days 02:00:06.382000,NOR,4,0 days 00:01:38.951000,46.0,3.0,0 days 01:58:46.944000,,0 days 00:00:47.356000,0 days 00:00:28.782000,0 days 00:00:22.813000,0 days 01:59:14.845000,0 days 01:59:43.627000,0 days 02:00:06.440000,277.0,245.0,251.0,,False,MEDIUM,2.0,False,McLaren,0 days 01:58:27.431000,2024-07-21 14:06:21.044,1,4.0,False,,False,False,98.951
0 days 02:01:29.672000,NOR,4,0 days 00:01:23.290000,47.0,3.0,,,0 days 00:00:29.659000,0 days 00:00:30.171000,0 days 00:00:23.460000,0 days 02:00:36.099000,0 days 02:01:06.270000,0 days 02:01:29.730000,284.0,240.0,254.0,292.0,False,MEDIUM,3.0,False,McLaren,0 days 02:00:06.382000,2024-07-21 14:07:59.995,1,3.0,False,,False,True,83.29
0 days 02:02:51.626000,NOR,4,0 days 00:01:21.954000,48.0,3.0,,,0 days 00:00:29.445000,0 days 00:00:29.261000,0 days 00:00:23.248000,0 days 02:01:59.175000,0 days 02:02:28.436000,0 days 02:02:51.684000,281.0,240.0,248.0,302.0,True,MEDIUM,4.0,False,McLaren,0 days 02:01:29.672000,2024-07-21 14:09:23.285,1,2.0,False,,False,True,81.954
0 days 02:04:13.735000,NOR,4,0 days 00:01:22.109000,49.0,3.0,,,0 days 00:00:29.756000,0 days 00:00:29.223000,0 days 00:00:23.130000,0 days 02:03:21.440000,0 days 02:03:50.663000,0 days 02:04:13.793000,,243.0,250.0,290.0,False,MEDIUM,5.0,False,McLaren,0 days 02:02:51.626000,2024-07-21 14:10:45.239,1,2.0,False,,False,True,82.109
0 days 02:05:35.447000,NOR,4,0 days 00:01:21.712000,50.0,3.0,,,0 days 00:00:29.583000,0 days 00:00:29.069000,0 days 00:00:23.060000,0 days 02:04:43.376000,0 days 02:05:12.445000,0 days 02:05:35.505000,279.0,245.0,250.0,289.0,True,MEDIUM,6.0,False,McLaren,0 days 02:04:13.735000,2024-07-21 14:12:07.348,1,1.0,False,,False,True,81.712
0 days 02:06:57.423000,NOR,4,0 days 00:01:21.976000,51.0,3.0,,,0 days 00:00:29.790000,0 days 00:00:29.085000,0 days 00:00:23.101000,0 days 02:06:05.295000,0 days 02:06:34.380000,0 days 02:06:57.481000,280.0,246.0,251.0,290.0,False,MEDIUM,7.0,False,McLaren,0 days 02:05:35.447000,2024-07-21 14:13:29.060,1,1.0,False,,False,True,81.976
0 days 02:08:19.852000,NOR,4,0 days 00:01:22.429000,52.0,3.0,,,0 days 00:00:29.774000,0 days 00:00:29.337000,0 days 00:00:23.318000,0 days 02:07:27.255000,0 days 02:07:56.592000,0 days 02:08:19.910000,282.0,240.0,249.0,292.0,False,MEDIUM,8.0,False,McLaren,0 days 02:06:57.423000,2024-07-21 14:14:51.036,1,1.0,False,,False,True,82.429
0 days 02:09:41.742000,NOR,4,0 days 00:01:21.890000,53.0,3.0,,,0 days 00:00:29.548000,0 days 00:00:29.120000,0 days 00:00:23.222000,0 days 02:08:49.458000,0 days 02:09:18.578000,0 days 02:09:41.800000,281.0,244.0,250.0,,False,MEDIUM,9.0,False,McLaren,0 days 02:08:19.852000,2024-07-21 14:16:13.465,1,1.0,False,,False,True,81.89
0 days 02:11:03.561000,NOR,4,0 days 00:01:21.819000,54.0,3.0,,,0 days 00:00:29.608000,0 days 00:00:29.041000,0 days 00:00:23.170000,0 days 02:10:11.408000,0 days 02:10:40.449000,0 days 02:11:03.619000,,245.0,250.0,,False,MEDIUM,10.0,False,McLaren,0 days 02:09:41.742000,2024-07-21 14:17:35.355,1,1.0,False,,False,True,81.819
0 days 02:12:25.732000,NOR,4,0 days 00:01:22.171000,55.0,3.0,,,0 days 00:00:29.691000,0 days 00:00:28.966000,0 days 00:00:23.514000,0 days 02:11:33.310000,0 days 02:12:02.276000,0 days 02:12:25.790000,283.0,243.0,254.0,294.0,False,MEDIUM,11.0,False,McLaren,0 days 02:11:03.561000,2024-07-21 14:18:57.174,1,1.0,False,,False,True,82.171
0 days 02:13:47.903000,NOR,4,0 days 00:01:22.171000,56.0,3.0,,,0 days 00:00:29.438000,0 days 00:00:29.208000,0 days 00:00:23.525000,0 days 02:12:55.228000,0 days 02:13:24.436000,0 days 02:13:47.961000,282.0,245.0,249.0,306.0,False,MEDIUM,12.0,False,McLaren,0 days 02:12:25.732000,2024-07-21 14:20:19.345,1,1.0,False,,False,True,82.171
0 days 02:15:10.125000,NOR,4,0 days 00:01:22.222000,57.0,3.0,,,0 days 00:00:29.889000,0 days 00:00:29.201000,0 days 00:00:23.132000,0 days 02:14:17.850000,0 days 02:14:47.051000,0 days 02:15:10.183000,284.0,245.0,249.0,291.0,False,MEDIUM,13.0,False,McLaren,0 days 02:13:47.903000,2024-07-21 14:21:41.516,1,1.0,False,,False,True,82.222
0 days 02:16:32.056000,NOR,4,0 days 00:01:21.931000,58.0,3.0,,,0 days 00:00:29.648000,0 days 00:00:29.008000,0 days 00:00:23.275000,0 days 02:15:39.831000,0 days 02:16:08.839000,0 days 02:16:32.114000,282.0,246.0,250.0,,False,MEDIUM,14.0,False,McLaren,0 days 02:15:10.125000,2024-07-21 14:23:03.738,1,1.0,False,,False,True,81.931
0 days 02:17:54.275000,NOR,4,0 days 00:01:22.219000,59.0,3.0,,,0 days 00:00:29.598000,0 days 00:00:29.282000,0 days 00:00:23.339000,0 days 02:17:01.712000,0 days 02:17:30.994000,0 days 02:17:54.333000,283.0,244.0,249.0,,False,MEDIUM,15.0,False,McLaren,0 days 02:16:32.056000,2024-07-21 14:24:25.669,1,1.0,False,,False,True,82.219
0 days 02:19:16.073000,NOR,4,0 days 00:01:21.798000,60.0,3.0,,,0 days 00:00:29.609000,0 days 00:00:28.951000,0 days 00:00:23.238000,0 days 02:18:23.942000,0 days 02:18:52.893000,0 days 02:19:16.131000,280.0,246.0,248.0,289.0,False,MEDIUM,16.0,False,McLaren,0 days 02:17:54.275000,2024-07-21 14:25:47.888,1,1.0,False,,False,True,81.798
0 days 02:20:37.959000,NOR,4,0 days 00:01:21.886000,61.0,3.0,,,0 days 00:00:29.610000,0 days 00:00:28.978000,0 days 00:00:23.298000,0 days 02:19:45.741000,0 days 02:20:14.719000,0 days 02:20:38.017000,283.0,245.0,248.0,,False,MEDIUM,17.0,False,McLaren,0 days 02:19:16.073000,2024-07-21 14:27:09.686,1,1.0,False,,False,True,81.886
0 days 02:21:59.842000,NOR,4,0 days 00:01:21.883000,62.0,3.0,,,0 days 00:00:29.604000,0 days 00:00:29.001000,0 days 00:00:23.278000,0 days 02:21:07.621000,0 days 02:21:36.622000,0 days 02:21:59.900000,282.0,248.0,248.0,290.0,False,MEDIUM,18.0,False,McLaren,0 days 02:20:37.959000,2024-07-21 14:28:31.572,1,1.0,False,,False,True,81.883
0 days 02:23:22.444000,NOR,4,0 days 00:01:22.602000,63.0,3.0,,,0 days 00:00:29.836000,0 days 00:00:29.184000,0 days 00:00:23.582000,0 days 02:22:29.736000,0 days 02:22:58.920000,0 days 02:23:22.502000,283.0,245.0,247.0,291.0,False,MEDIUM,19.0,False,McLaren,0 days 02:21:59.842000,2024-07-21 14:29:53.455,12,1.0,False,,False,True,82.602
0 days 02:24:44.913000,NOR,4,0 days 00:01:22.469000,64.0,3.0,,,0 days 00:00:29.938000,0 days 00:00:29.142000,0 days 00:00:23.389000,0 days 02:23:52.440000,0 days 02:24:21.582000,0 days 02:24:44.971000,281.0,246.0,248.0,293.0,False,MEDIUM,20.0,False,McLaren,0 days 02:23:22.444000,2024-07-21 14:31:16.057,1,1.0,False,,False,True,82.469
0 days 02:26:07.394000,NOR,4,0 days 00:01:22.481000,65.0,3.0,,,0 days 00:00:29.894000,0 days 00:00:29.132000,0 days 00:00:23.455000,0 days 02:25:14.865000,0 days 02:25:43.997000,0 days 02:26:07.452000,276.0,248.0,246.0,289.0,False,MEDIUM,21.0,False,McLaren,0 days 02:24:44.913000,2024-07-21 14:32:38.526,1,1.0,False,,False,True,82.481
0 days 02:27:30.014000,NOR,4,0 days 00:01:22.620000,66.0,3.0,,,0 days 00:00:29.857000,0 days 00:00:29.301000,0 days 00:00:23.462000,0 days 02:26:37.309000,0 days 02:27:06.610000,0 days 02:27:30.072000,278.0,246.0,249.0,,False,MEDIUM,22.0,False,McLaren,0 days 02:26:07.394000,2024-07-21 14:34:01.007,1,1.0,False,,False,True,82.62
0 days 02:28:55.680000,NOR,4,0 days 00:01:25.666000,67.0,3.0,,,0 days 00:00:30.061000,0 days 00:00:29.797000,0 days 00:00:25.808000,0 days 02:28:00.133000,0 days 02:28:29.930000,0 days 02:28:55.738000,276.0,242.0,165.0,290.0,False,MEDIUM,23.0,False,McLaren,0 days 02:27:30.014000,2024-07-21 14:35:23.627,1,1.0,False,,False,True,85.666
0 days 02:30:22.467000,NOR,4,0 days 00:01:26.787000,68.0,3.0,,,0 days 00:00:33.806000,0 days 00:00:29.562000,0 days 00:00:23.419000,0 days 02:29:29.544000,0 days 02:29:59.106000,0 days 02:30:22.525000,281.0,246.0,255.0,187.0,False,MEDIUM,24.0,False,McLaren,0 days 02:28:55.680000,2024-07-21 14:36:49.293,1,2.0,False,,False,True,86.787
0 days 02:31:45.329000,NOR,4,0 days 00:01:22.862000,69.0,3.0,,,0 days 00:00:29.715000,0 days 00:00:29.486000,0 days 00:00:23.661000,0 days 02:30:52.240000,0 days 02:31:21.726000,0 days 02:31:45.387000,280.0,247.0,247.0,306.0,False,MEDIUM,25.0,False,McLaren,0 days 02:30:22.467000,2024-07-21 14:38:16.080,1,2.0,False,,False,True,82.862
0 days 02:33:09.332000,NOR,4,0 days 00:01:24.003000,70.0,3.0,,,0 days 00:00:30.063000,0 days 00:00:29.800000,0 days 00:00:24.140000,0 days 02:32:15.450000,0 days 02:32:45.250000,0 days 02:33:09.390000,,244.0,246.0,295.0,False,MEDIUM,26.0,False,McLaren,0 days 02:31:45.329000,2024-07-21 14:39:38.942,1,2.0,False,,False,True,84.003
0 days 00:56:35.443000,HAM,44,0 days 00:01:30.241000,1.0,1.0,,,,0 days 00:00:31.384000,0 days 00:00:23.737000,,0 days 00:56:11.846000,0 days 00:56:35.551000,259.0,235.0,244.0,257.0,False,MEDIUM,1.0,True,Mercedes,0 days 00:55:04.938000,2024-07-21 13:02:58.551,1,4.0,False,,False,False,90.241
0 days 00:58:00.275000,HAM,44,0 days 00:01:24.832000,2.0,1.0,,,0 days 00:00:30.357000,0 days 00:00:30.720000,0 days 00:00:23.755000,0 days 00:57:05.831000,0 days 00:57:36.551000,0 days 00:58:00.306000,268.0,236.0,242.0,286.0,True,MEDIUM,2.0,True,Mercedes,0 days 00:56:35.443000,2024-07-21 13:04:29.056,1,4.0,False,,False,True,84.832
0 days 00:59:24.954000,HAM,44,0 days 00:01:24.679000,3.0,1.0,,,0 days 00:00:30.308000,0 days 00:00:30.549000,0 days 00:00:23.822000,0 days 00:58:30.614000,0 days 00:59:01.163000,0 days 00:59:24.985000,274.0,236.0,243.0,284.0,True,MEDIUM,3.0,True,Mercedes,0 days 00:58:00.275000,2024-07-21 13:05:53.888,1,4.0,False,,False,True,84.679
0 days 01:00:49.233000,HAM,44,0 days 00:01:24.279000,4.0,1.0,,,0 days 00:00:30.162000,0 days 00:00:30.607000,0 days 00:00:23.510000,0 days 00:59:55.147000,0 days 01:00:25.754000,0 days 01:00:49.264000,,235.0,244.0,287.0,True,MEDIUM,4.0,True,Mercedes,0 days 00:59:24.954000,2024-07-21 13:07:18.567,1,4.0,False,,False,True,84.279
0 days 01:02:13.234000,HAM,44,0 days 00:01:24.001000,5.0,1.0,,,0 days 00:00:30.106000,0 days 00:00:30.170000,0 days 00:00:23.725000,0 days 01:01:19.370000,0 days 01:01:49.540000,0 days 01:02:13.265000,277.0,236.0,245.0,288.0,True,MEDIUM,5.0,True,Mercedes,0 days 01:00:49.233000,2024-07-21 13:08:42.846,1,4.0,False,,False,True,84.001
0 days 01:03:37.388000,HAM,44,0 days 00:01:24.154000,6.0,1.0,,,0 days 00:00:30.111000,0 days 00:00:30.275000,0 days 00:00:23.768000,0 days 01:02:43.376000,0 days 01:03:13.651000,0 days 01:03:37.419000,278.0,236.0,244.0,287.0,False,MEDIUM,6.0,True,Mercedes,0 days 01:02:13.234000,2024-07-21 13:10:06.847,1,4.0,False,,False,True,84.154
0 days 01:05:01.581000,HAM,44,0 days 00:01:24.193000,7.0,1.0,,,0 days 00:00:30.149000,0 days 00:00:30.247000,0 days 00:00:23.797000,0 days 01:04:07.568000,0 days 01:04:37.815000,0 days 01:05:01.612000,,236.0,244.0,286.0,False,MEDIUM,7.0,True,Mercedes,0 days 01:03:37.388000,2024-07-21 13:11:31.001,1,4.0,False,,False,True,84.193
0 days 01:06:25.816000,HAM,44,0 days 00:01:24.235000,8.0,1.0,,,0 days 00:00:30.285000,0 days 00:00:30.272000,0 days 00:00:23.678000,0 days 01:05:31.897000,0 days 01:06:02.169000,0 days 01:06:25.847000,280.0,237.0,245.0,288.0,False,MEDIUM,8.0,True,Mercedes,0 days 01:05:01.581000,2024-07-21 13:12:55.194,1,4.0,False,,False,True,84.235
0 days 01:07:50.182000,HAM,44,0 days 00:01:24.366000,9.0,1.0,,,0 days 00:00:30.112000,0 days 00:00:30.306000,0 days 00:00:23.948000,0 days 01:06:55.959000,0 days 01:07:26.265000,0 days 01:07:50.213000,279.0,236.0,243.0,,False,MEDIUM,9.0,True,Mercedes,0 days 01:06:25.816000,2024-07-21 13:14:19.429,1,4.0,False,,False,True,84.366
0 days 01:09:14.814000,HAM,44,0 days 00:01:24.632000,10.0,1.0,,,0 days 00:00:30.328000,0 days 00:00:30.426000,0 days 00:00:23.878000,0 days 01:08:20.541000,0 days 01:08:50.967000,0 days 01:09:14.845000,277.0,237.0,245.0,287.0,False,MEDIUM,10.0,True,Mercedes,0 days 01:07:50.182000,2024-07-21 13:15:43.795,1,4.0,False,,False,True,84.632
0 days 01:10:39.193000,HAM,44,0 days 00:01:24.379000,11.0,1.0,,,0 days 00:00:30.202000,0 days 00:00:30.255000,0 days 00:00:23.922000,0 days 01:09:45.047000,0 days 01:10:15.302000,0 days 01:10:39.224000,,237.0,246.0,290.0,False,MEDIUM,11.0,True,Mercedes,0 days 01:09:14.814000,2024-07-21 13:17:08.427,1,4.0,False,,False,True,84.379
0 days 01:12:03.581000,HAM,44,0 days 00:01:24.388000,12.0,1.0,,,0 days 00:00:30.181000,0 days 00:00:30.283000,0 days 00:00:23.924000,0 days 01:11:09.405000,0 days 01:11:39.688000,0 days 01:12:03.612000,,237.0,243.0,288.0,False,MEDIUM,12.0,True,Mercedes,0 days 01:10:39.193000,2024-07-21 13:18:32.806,1,4.0,False,,False,True,84.388
0 days 01:13:28.281000,HAM,44,0 days 00:01:24.700000,13.0,1.0,,,0 days 00:00:30.300000,0 days 00:00:30.322000,0 days 00:00:24.078000,0 days 01:12:33.912000,0 days 01:13:04.234000,0 days 01:13:28.312000,279.0,237.0,244.0,,False,MEDIUM,13.0,True,Mercedes,0 days 01:12:03.581000,2024-07-21 13:19:57.194,1,4.0,False,,False,True,84.7
0 days 01:14:53.023000,HAM,44,0 days 00:01:24.742000,14.0,1.0,,,0 days 00:00:30.338000,0 days 00:00:30.445000,0 days 00:00:23.959000,0 days 01:13:58.650000,0 days 01:14:29.095000,0 days 01:14:53.054000,278.0,237.0,246.0,289.0,False,MEDIUM,14.0,True,Mercedes,0 days 01:13:28.281000,2024-07-21 13:21:21.894,1,4.0,False,,False,True,84.742
0 days 01:16:17.585000,HAM,44,0 days 00:01:24.562000,15.0,1.0,,,0 days 00:00:30.259000,0 days 00:00:30.402000,0 days 00:00:23.901000,0 days 01:15:23.313000,0 days 01:15:53.715000,0 days 01:16:17.616000,277.0,238.0,246.0,290.0,False,MEDIUM,15.0,True,Mercedes,0 days 01:14:53.023000,2024-07-21 13:22:46.636,1,4.0,False,,False,True,84.562
0 days 01:17:44.831000,HAM,44,0 days 00:01:27.246000,16.0,1.0,,0 days 01:17:43.066000,0 days 00:00:30.303000,0 days 00:00:30.420000,0 days 00:00:26.523000,0 days 01:16:47.919000,0 days 01:17:18.339000,0 days 01:17:44.862000,,236.0,,289.0,False,MEDIUM,16.0,True,Mercedes,0 days 01:16:17.585000,2024-07-21 13:24:11.198,1,5.0,False,,False,False,87.246
0 days 01:19:25.147000,HAM,44,0 days 00:01:40.316000,17.0,2.0,0 days 01:18:04.379000,,0 days 00:00:47.471000,0 days 00:00:29.417000,0 days 00:00:23.428000,0 days 01:18:32.333000,0 days 01:19:01.750000,0 days 01:19:25.178000,277.0,240.0,249.0,,False,HARD,1.0,True,Mercedes,0 days 01:17:44.831000,2024-07-21 13:25:38.444,1,7.0,False,,False,False,100.316
0 days 01:20:48.497000,HAM,44,0 days 00:01:23.350000,18.0,2.0,,,0 days 00:00:29.818000,0 days 00:00:30.120000,0 days 00:00:23.412000,0 days 01:19:54.996000,0 days 01:20:25.116000,0 days 01:20:48.528000,272.0,238.0,243.0,306.0,True,HARD,2.0,True,Mercedes,0 days 01:19:25.147000,2024-07-21 13:27:18.760,1,6.0,False,,False,True,83.35
0 days 01:22:11.698000,HAM,44,0 days 00:01:23.201000,19.0,2.0,,,0 days 00:00:29.999000,0 days 00:00:29.766000,0 days 00:00:23.436000,0 days 01:21:18.527000,0 days 01:21:48.293000,0 days 01:22:11.729000,274.0,238.0,245.0,283.0,True,HARD,3.0,True,Mercedes,0 days 01:20:48.497000,2024-07-21 13:28:42.110,1,6.0,False,,False,True,83.201
0 days 01:23:35.030000,HAM,44,0 days 00:01:23.332000,20.0,2.0,,,0 days 00:00:29.951000,0 days 00:00:29.732000,0 days 00:00:23.649000,0 days 01:22:41.680000,0 days 01:23:11.412000,0 days 01:23:35.061000,275.0,238.0,244.0,286.0,False,HARD,4.0,True,Mercedes,0 days 01:22:11.698000,2024-07-21 13:30:05.311,1,6.0,False,,False,True,83.332
0 days 01:24:58.500000,HAM,44,0 days 00:01:23.470000,21.0,2.0,,,0 days 00:00:30.103000,0 days 00:00:29.869000,0 days 00:00:23.498000,0 days 01:24:05.164000,0 days 01:24:35.033000,0 days 01:24:58.531000,278.0,239.0,245.0,288.0,False,HARD,5.0,True,Mercedes,0 days 01:23:35.030000,2024-07-21 13:31:28.643,1,6.0,False,,False,True,83.47
0 days 01:26:21.680000,HAM,44,0 days 00:01:23.180000,22.0,2.0,,,0 days 00:00:29.939000,0 days 00:00:29.665000,0 days 00:00:23.576000,0 days 01:25:28.470000,0 days 01:25:58.135000,0 days 01:26:21.711000,277.0,239.0,244.0,289.0,True,HARD,6.0,True,Mercedes,0 days 01:24:58.500000,2024-07-21 13:32:52.113,1,4.0,False,,False,True,83.18
0 days 01:27:45.302000,HAM,44,0 days 00:01:23.622000,23.0,2.0,,,0 days 00:00:30.066000,0 days 00:00:29.882000,0 days 00:00:23.674000,0 days 01:26:51.777000,0 days 01:27:21.659000,0 days 01:27:45.333000,281.0,240.0,245.0,,False,HARD,7.0,True,Mercedes,0 days 01:26:21.680000,2024-07-21 13:34:15.293,1,4.0,False,,False,True,83.622
0 days 01:29:09,HAM,44,0 days 00:01:23.698000,24.0,2.0,,,0 days 00:00:30.165000,0 days 00:00:29.967000,0 days 00:00:23.566000,0 days 01:28:15.498000,0 days 01:28:45.465000,0 days 01:29:09.031000,279.0,239.0,246.0,288.0,False,HARD,8.0,True,Mercedes,0 days 01:27:45.302000,2024-07-21 13:35:38.915,1,3.0,False,,False,True,83.698
0 days 01:30:32.145000,HAM,44,0 days 00:01:23.145000,25.0,2.0,,,0 days 00:00:30.032000,0 days 00:00:29.616000,0 days 00:00:23.497000,0 days 01:29:39.063000,0 days 01:30:08.679000,0 days 01:30:32.176000,280.0,240.0,244.0,289.0,True,HARD,9.0,True,Mercedes,0 days 01:29:09,2024-07-21 13:37:02.613,1,3.0,False,,False,True,83.145
0 days 01:31:55.479000,HAM,44,0 days 00:01:23.334000,26.0,2.0,,,0 days 00:00:30.174000,0 days 00:00:29.548000,0 days 00:00:23.612000,0 days 01:31:02.350000,0 days 01:31:31.898000,0 days 01:31:55.510000,279.0,241.0,243.0,287.0,False,HARD,10.0,True,Mercedes,0 days 01:30:32.145000,2024-07-21 13:38:25.758,1,3.0,False,,False,True,83.334
0 days 01:33:18.960000,HAM,44,0 days 00:01:23.481000,27.0,2.0,,,0 days 00:00:30.116000,0 days 00:00:29.662000,0 days 00:00:23.703000,0 days 01:32:25.626000,0 days 01:32:55.288000,0 days 01:33:18.991000,280.0,239.0,244.0,,False,HARD,11.0,True,Mercedes,0 days 01:31:55.479000,2024-07-21 13:39:49.092,1,3.0,False,,False,True,83.481
0 days 01:34:42.266000,HAM,44,0 days 00:01:23.306000,28.0,2.0,,,0 days 00:00:30.018000,0 days 00:00:29.660000,0 days 00:00:23.628000,0 days 01:33:49.009000,0 days 01:34:18.669000,0 days 01:34:42.297000,281.0,240.0,245.0,288.0,False,HARD,12.0,True,Mercedes,0 days 01:33:18.960000,2024-07-21 13:41:12.573,1,3.0,False,,False,True,83.306
0 days 01:36:05.608000,HAM,44,0 days 00:01:23.342000,29.0,2.0,,,0 days 00:00:30.041000,0 days 00:00:29.537000,0 days 00:00:23.764000,0 days 01:35:12.338000,0 days 01:35:41.875000,0 days 01:36:05.639000,280.0,242.0,244.0,287.0,False,HARD,13.0,True,Mercedes,0 days 01:34:42.266000,2024-07-21 13:42:35.879,1,3.0,False,,False,True,83.342
0 days 01:37:29.093000,HAM,44,0 days 00:01:23.485000,30.0,2.0,,,0 days 00:00:30.078000,0 days 00:00:29.633000,0 days 00:00:23.774000,0 days 01:36:35.717000,0 days 01:37:05.350000,0 days 01:37:29.124000,,240.0,244.0,,False,HARD,14.0,True,Mercedes,0 days 01:36:05.608000,2024-07-21 13:43:59.221,1,3.0,False,,False,True,83.485
0 days 01:38:52.678000,HAM,44,0 days 00:01:23.585000,31.0,2.0,,,0 days 00:00:30.087000,0 days 00:00:29.584000,0 days 00:00:23.914000,0 days 01:37:59.211000,0 days 01:38:28.795000,0 days 01:38:52.709000,,241.0,244.0,,False,HARD,15.0,True,Mercedes,0 days 01:37:29.093000,2024-07-21 13:45:22.706,1,3.0,False,,False,True,83.585
0 days 01:40:16.210000,HAM,44,0 days 00:01:23.532000,32.0,2.0,,,0 days 00:00:30.051000,0 days 00:00:29.683000,0 days 00:00:23.798000,0 days 01:39:22.760000,0 days 01:39:52.443000,0 days 01:40:16.241000,,241.0,245.0,,False,HARD,16.0,True,Mercedes,0 days 01:38:52.678000,2024-07-21 13:46:46.291,1,3.0,False,,False,True,83.532
0 days 01:41:40.327000,HAM,44,0 days 00:01:24.117000,33.0,2.0,,,0 days 00:00:30.111000,0 days 00:00:30.101000,0 days 00:00:23.905000,0 days 01:40:46.352000,0 days 01:41:16.453000,0 days 01:41:40.358000,281.0,239.0,245.0,288.0,False,HARD,17.0,True,Mercedes,0 days 01:40:16.210000,2024-07-21 13:48:09.823,1,3.0,False,,False,True,84.117
0 days 01:43:04.682000,HAM,44,0 days 00:01:24.355000,34.0,2.0,,,0 days 00:00:30.359000,0 days 00:00:30.134000,0 days 00:00:23.862000,0 days 01:42:10.717000,0 days 01:42:40.851000,0 days 01:43:04.713000,279.0,237.0,245.0,,False,HARD,18.0,True,Mercedes,0 days 01:41:40.327000,2024-07-21 13:49:33.940,1,3.0,False,,False,True,84.355
0 days 01:44:29.802000,HAM,44,0 days 00:01:25.120000,35.0,2.0,,,0 days 00:00:30.894000,0 days 00:00:30.375000,0 days 00:00:23.851000,0 days 01:43:35.607000,0 days 01:44:05.982000,0 days 01:44:29.833000,280.0,238.0,245.0,,False,HARD,19.0,True,Mercedes,0 days 01:43:04.682000,2024-07-21 13:50:58.295,1,3.0,False,,False,True,85.12
0 days 01:45:54.329000,HAM,44,0 days 00:01:24.527000,36.0,2.0,,,0 days 00:00:30.440000,0 days 00:00:30.130000,0 days 00:00:23.957000,0 days 01:45:00.273000,0 days 01:45:30.403000,0 days 01:45:54.360000,,240.0,245.0,,False,HARD,20.0,True,Mercedes,0 days 01:44:29.802000,2024-07-21 13:52:23.415,1,3.0,False,,False,True,84.527
0 days 01:47:18.984000,HAM,44,0 days 00:01:24.655000,37.0,2.0,,,0 days 00:00:30.487000,0 days 00:00:30.262000,0 days 00:00:23.906000,0 days 01:46:24.847000,0 days 01:46:55.109000,0 days 01:47:19.015000,279.0,239.0,246.0,289.0,False,HARD,21.0,True,Mercedes,0 days 01:45:54.329000,2024-07-21 13:53:47.942,1,3.0,False,,False,True,84.655
0 days 01:48:44.356000,HAM,44,0 days 00:01:25.372000,38.0,2.0,,,0 days 00:00:30.722000,0 days 00:00:30.628000,0 days 00:00:24.022000,0 days 01:47:49.737000,0 days 01:48:20.365000,0 days 01:48:44.387000,274.0,241.0,245.0,290.0,False,HARD,22.0,True,Mercedes,0 days 01:47:18.984000,2024-07-21 13:55:12.597,1,3.0,False,,False,True,85.372
0 days 01:50:09.157000,HAM,44,0 days 00:01:24.801000,39.0,2.0,,,0 days 00:00:30.548000,0 days 00:00:30.328000,0 days 00:00:23.925000,0 days 01:49:14.935000,0 days 01:49:45.263000,0 days 01:50:09.188000,277.0,240.0,246.0,289.0,False,HARD,23.0,True,Mercedes,0 days 01:48:44.356000,2024-07-21 13:56:37.969,1,3.0,False,,False,True,84.801
0 days 01:51:36.890000,HAM,44,0 days 00:01:27.733000,40.0,2.0,,0 days 01:51:35.192000,0 days 00:00:30.605000,0 days 00:00:30.557000,0 days 00:00:26.571000,0 days 01:50:39.793000,0 days 01:51:10.350000,0 days 01:51:36.921000,278.0,239.0,,,False,HARD,24.0,True,Mercedes,0 days 01:50:09.157000,2024-07-21 13:58:02.770,1,4.0,False,,False,False,87.733
0 days 01:53:17.908000,HAM,44,0 days 00:01:41.018000,41.0,3.0,0 days 01:51:57.122000,,0 days 00:00:48.349000,0 days 00:00:29.600000,0 days 00:00:23.069000,0 days 01:52:25.270000,0 days 01:52:54.870000,0 days 01:53:17.939000,276.0,240.0,247.0,,False,HARD,1.0,True,Mercedes,0 days 01:51:36.890000,2024-07-21 13:59:30.503,1,5.0,False,,False,False,101.018
0 days 01:54:40.426000,HAM,44,0 days 00:01:22.518000,42.0,3.0,,,0 days 00:00:29.867000,0 days 00:00:29.577000,0 days 00:00:23.074000,0 days 01:53:47.806000,0 days 01:54:17.383000,0 days 01:54:40.457000,274.0,240.0,248.0,287.0,True,HARD,2.0,True,Mercedes,0 days 01:53:17.908000,2024-07-21 14:01:11.521,1,5.0,False,,False,True,82.518
0 days 01:56:03.500000,HAM,44,0 days 00:01:23.074000,43.0,3.0,,,0 days 00:00:29.992000,0 days 00:00:29.856000,0 days 00:00:23.226000,0 days 01:55:10.449000,0 days 01:55:40.305000,0 days 01:56:03.531000,272.0,239.0,247.0,286.0,False,HARD,3.0,True,Mercedes,0 days 01:54:40.426000,2024-07-21 14:02:34.039,1,5.0,False,,False,True,83.074
0 days 01:57:26.633000,HAM,44,0 days 00:01:23.133000,44.0,3.0,,,0 days 00:00:29.811000,0 days 00:00:29.974000,0 days 00:00:23.348000,0 days 01:56:33.342000,0 days 01:57:03.316000,0 days 01:57:26.664000,271.0,237.0,247.0,,False,HARD,4.0,True,Mercedes,0 days 01:56:03.500000,2024-07-21 14:03:57.113,1,5.0,False,,False,True,83.133
0 days 01:58:49.602000,HAM,44,0 days 00:01:22.969000,45.0,3.0,,,0 days 00:00:29.863000,0 days 00:00:29.847000,0 days 00:00:23.259000,0 days 01:57:56.527000,0 days 01:58:26.374000,0 days 01:58:49.633000,276.0,239.0,247.0,290.0,False,HARD,5.0,True,Mercedes,0 days 01:57:26.633000,2024-07-21 14:05:20.246,1,5.0,False,,False,True,82.969
0 days 02:00:12.539000,HAM,44,0 days 00:01:22.937000,46.0,3.0,,,0 days 00:00:29.938000,0 days 00:00:29.589000,0 days 00:00:23.410000,0 days 01:59:19.571000,0 days 01:59:49.160000,0 days 02:00:12.570000,274.0,241.0,250.0,289.0,False,HARD,6.0,True,Mercedes,0 days 01:58:49.602000,2024-07-21 14:06:43.215,1,5.0,False,,False,True,82.937
0 days 02:01:35.636000,HAM,44,0 days 00:01:23.097000,47.0,3.0,,,0 days 00:00:29.767000,0 days 00:00:29.729000,0 days 00:00:23.601000,0 days 02:00:42.337000,0 days 02:01:12.066000,0 days 02:01:35.667000,278.0,242.0,249.0,292.0,False,HARD,7.0,True,Mercedes,0 days 02:00:12.539000,2024-07-21 14:08:06.152,1,5.0,False,,False,True,83.097
0 days 02:02:58.726000,HAM,44,0 days 00:01:23.090000,48.0,3.0,,,0 days 00:00:29.874000,0 days 00:00:29.667000,0 days 00:00:23.549000,0 days 02:02:05.541000,0 days 02:02:35.208000,0 days 02:02:58.757000,279.0,242.0,248.0,293.0,False,HARD,8.0,True,Mercedes,0 days 02:01:35.636000,2024-07-21 14:09:29.249,1,4.0,False,,False,True,83.09
0 days 02:04:21.632000,HAM,44,0 days 00:01:22.906000,49.0,3.0,,,0 days 00:00:29.897000,0 days 00:00:29.529000,0 days 00:00:23.480000,0 days 02:03:28.654000,0 days 02:03:58.183000,0 days 02:04:21.663000,277.0,242.0,250.0,289.0,False,HARD,9.0,True,Mercedes,0 days 02:02:58.726000,2024-07-21 14:10:52.339,1,4.0,False,,False,True,82.906
0 days 02:05:44.302000,HAM,44,0 days 00:01:22.670000,50.0,3.0,,,0 days 00:00:29.746000,0 days 00:00:29.479000,0 days 00:00:23.445000,0 days 02:04:51.409000,0 days 02:05:20.888000,0 days 02:05:44.333000,278.0,243.0,249.0,290.0,False,HARD,10.0,True,Mercedes,0 days 02:04:21.632000,2024-07-21 14:12:15.245,1,3.0,False,,False,True,82.67
0 days 02:07:07.293000,HAM,44,0 days 00:01:22.991000,51.0,3.0,,,0 days 00:00:29.878000,0 days 00:00:29.676000,0 days 00:00:23.437000,0 days 02:06:14.211000,0 days 02:06:43.887000,0 days 02:07:07.324000,,239.0,251.0,291.0,False,HARD,11.0,True,Mercedes,0 days 02:05:44.302000,2024-07-21 14:13:37.915,1,3.0,False,,False,True,82.991
0 days 02:08:30.314000,HAM,44,0 days 00:01:23.021000,52.0,3.0,,,0 days 00:00:29.863000,0 days 00:00:29.686000,0 days 00:00:23.472000,0 days 02:07:37.187000,0 days 02:08:06.873000,0 days 02:08:30.345000,,239.0,249.0,,False,HARD,12.0,True,Mercedes,0 days 02:07:07.293000,2024-07-21 14:15:00.906,1,3.0,False,,False,True,83.021
0 days 02:09:52.894000,HAM,44,0 days 00:01:22.580000,53.0,3.0,,,0 days 00:00:29.814000,0 days 00:00:29.448000,0 days 00:00:23.318000,0 days 02:09:00.159000,0 days 02:09:29.607000,0 days 02:09:52.925000,277.0,240.0,249.0,292.0,False,HARD,13.0,True,Mercedes,0 days 02:08:30.314000,2024-07-21 14:16:23.927,1,3.0,False,,False,True,82.58
0 days 02:11:15.047000,HAM,44,0 days 00:01:22.153000,54.0,3.0,,,0 days 00:00:29.732000,0 days 00:00:29.245000,0 days 00:00:23.176000,0 days 02:10:22.657000,0 days 02:10:51.902000,0 days 02:11:15.078000,282.0,242.0,250.0,291.0,True,HARD,14.0,True,Mercedes,0 days 02:09:52.894000,2024-07-21 14:17:46.507,1,3.0,False,,False,True,82.153
0 days 02:12:37.634000,HAM,44,0 days 00:01:22.587000,55.0,3.0,,,0 days 00:00:29.783000,0 days 00:00:29.344000,0 days 00:00:23.460000,0 days 02:11:44.861000,0 days 02:12:14.205000,0 days 02:12:37.665000,280.0,242.0,249.0,294.0,False,HARD,15.0,True,Mercedes,0 days 02:11:15.047000,2024-07-21 14:19:08.660,1,3.0,False,,False,True,82.587
0 days 02:14:00.645000,HAM,44,0 days 00:01:23.011000,56.0,3.0,,,0 days 00:00:29.841000,0 days 00:00:29.580000,0 days 00:00:23.590000,0 days 02:13:07.506000,0 days 02:13:37.086000,0 days 02:14:00.676000,282.0,240.0,248.0,293.0,False,HARD,16.0,True,Mercedes,0 days 02:12:37.634000,2024-07-21 14:20:31.247,1,3.0,False,,False,True,83.011
0 days 02:15:23.530000,HAM,44,0 days 00:01:22.885000,57.0,3.0,,,0 days 00:00:29.859000,0 days 00:00:29.581000,0 days 00:00:23.445000,0 days 02:14:30.535000,0 days 02:15:00.116000,0 days 02:15:23.561000,281.0,243.0,249.0,,False,HARD,17.0,True,Mercedes,0 days 02:14:00.645000,2024-07-21 14:21:54.258,1,3.0,False,,False,True,82.885
0 days 02:16:45.766000,HAM,44,0 days 00:01:22.236000,58.0,3.0,,,0 days 00:00:29.755000,0 days 00:00:29.150000,0 days 00:00:23.331000,0 days 02:15:53.316000,0 days 02:16:22.466000,0 days 02:16:45.797000,280.0,242.0,249.0,,False,HARD,18.0,True,Mercedes,0 days 02:15:23.530000,2024-07-21 14:23:17.143,1,3.0,False,,False,True,82.236
0 days 02:18:08.130000,HAM,44,0 days 00:01:22.364000,59.0,3.0,,,0 days 00:00:29.586000,0 days 00:00:29.260000,0 days 00:00:23.518000,0 days 02:17:15.383000,0 days 02:17:44.643000,0 days 02:18:08.161000,283.0,243.0,249.0,290.0,False,HARD,19.0,True,Mercedes,0 days 02:16:45.766000,2024-07-21 14:24:39.379,1,3.0,False,,False,True,82.364
0 days 02:19:30.971000,HAM,44,0 days 00:01:22.841000,60.0,3.0,,,0 days 00:00:29.880000,0 days 00:00:29.372000,0 days 00:00:23.589000,0 days 02:18:38.041000,0 days 02:19:07.413000,0 days 02:19:31.002000,281.0,243.0,248.0,291.0,False,HARD,20.0,True,Mercedes,0 days 02:18:08.130000,2024-07-21 14:26:01.743,1,3.0,False,,False,True,82.841
0 days 02:20:54.151000,HAM,44,0 days 00:01:23.180000,61.0,3.0,,,0 days 00:00:30.034000,0 days 00:00:29.526000,0 days 00:00:23.620000,0 days 02:20:01.036000,0 days 02:20:30.562000,0 days 02:20:54.182000,280.0,243.0,249.0,293.0,False,HARD,21.0,True,Mercedes,0 days 02:19:30.971000,2024-07-21 14:27:24.584,1,3.0,False,,False,True,83.18
0 days 02:22:17.414000,HAM,44,0 days 00:01:23.263000,62.0,3.0,,,0 days 00:00:29.925000,0 days 00:00:29.657000,0 days 00:00:23.681000,0 days 02:21:24.107000,0 days 02:21:53.764000,0 days 02:22:17.445000,284.0,245.0,248.0,290.0,False,HARD,22.0,True,Mercedes,0 days 02:20:54.151000,2024-07-21 14:28:47.764,1,3.0,False,,False,True,83.263
0 days 02:23:41.192000,HAM,44,0 days 00:01:23.778000,63.0,3.0,,,0 days 00:00:30.815000,0 days 00:00:29.564000,0 days 00:00:23.399000,0 days 02:22:48.260000,0 days 02:23:17.824000,0 days 02:23:41.223000,282.0,243.0,249.0,295.0,False,HARD,23.0,True,Mercedes,0 days 02:22:17.414000,2024-07-21 14:30:11.027,12,3.0,False,,False,True,83.778
0 days 02:25:04.292000,HAM,44,0 days 00:01:23.100000,64.0,3.0,,,0 days 00:00:30.017000,0 days 00:00:29.267000,0 days 00:00:23.816000,0 days 02:24:11.240000,0 days 02:24:40.507000,0 days 02:25:04.323000,280.0,244.0,247.0,288.0,False,HARD,24.0,True,Mercedes,0 days 02:23:41.192000,2024-07-21 14:31:34.805,1,3.0,False,,False,True,83.1
0 days 02:26:27.800000,HAM,44,0 days 00:01:23.508000,65.0,3.0,,,0 days 00:00:30.007000,0 days 00:00:29.587000,0 days 00:00:23.914000,0 days 02:25:34.330000,0 days 02:26:03.917000,0 days 02:26:27.831000,284.0,241.0,249.0,290.0,False,HARD,25.0,True,Mercedes,0 days 02:25:04.292000,2024-07-21 14:32:57.905,1,3.0,False,,False,True,83.508
0 days 02:27:50.322000,HAM,44,0 days 00:01:22.522000,66.0,3.0,,,0 days 00:00:29.833000,0 days 00:00:29.404000,0 days 00:00:23.285000,0 days 02:26:57.664000,0 days 02:27:27.068000,0 days 02:27:50.353000,279.0,243.0,250.0,292.0,False,HARD,26.0,True,Mercedes,0 days 02:26:27.800000,2024-07-21 14:34:21.413,1,3.0,False,,False,True,82.522
0 days 02:29:13.161000,HAM,44,0 days 00:01:22.839000,67.0,3.0,,,0 days 00:00:29.803000,0 days 00:00:29.535000,0 days 00:00:23.501000,0 days 02:28:20.156000,0 days 02:28:49.691000,0 days 02:29:13.192000,281.0,243.0,249.0,289.0,False,HARD,27.0,True,Mercedes,0 days 02:27:50.322000,2024-07-21 14:35:43.935,1,3.0,False,,False,True,82.839
0 days 02:30:36.022000,HAM,44,0 days 00:01:22.861000,68.0,3.0,,,0 days 00:00:29.969000,0 days 00:00:29.348000,0 days 00:00:23.544000,0 days 02:29:43.161000,0 days 02:30:12.509000,0 days 02:30:36.053000,278.0,244.0,250.0,291.0,False,HARD,28.0,True,Mercedes,0 days 02:29:13.161000,2024-07-21 14:37:06.774,1,3.0,False,,False,True,82.861
0 days 02:31:59.116000,HAM,44,0 days 00:01:23.094000,69.0,3.0,,,0 days 00:00:29.942000,0 days 00:00:29.607000,0 days 00:00:23.545000,0 days 02:31:05.995000,0 days 02:31:35.602000,0 days 02:31:59.147000,280.0,244.0,250.0,292.0,False,HARD,29.0,True,Mercedes,0 days 02:30:36.022000,2024-07-21 14:38:29.635,1,3.0,False,,False,True,83.094
0 days 02:33:22.071000,HAM,44,0 days 00:01:22.955000,70.0,3.0,,,0 days 00:00:29.821000,0 days 00:00:29.625000,0 days 00:00:23.509000,0 days 02:32:28.968000,0 days 02:32:58.593000,0 days 02:33:22.102000,285.0,245.0,245.0,293.0,False,HARD,30.0,True,Mercedes,0 days 02:31:59.116000,2024-07-21 14:39:52.729,1,3.0,False,,False,True,82.955
0 days 00:56:36.420000,LEC,16,0 days 00:01:31.218000,1.0,1.0,,,,0 days 00:00:31.794000,0 days 00:00:24.163000,,0 days 00:56:12.301000,0 days 00:56:36.547000,257.0,231.0,245.0,257.0,False,MEDIUM,1.0,True,Ferrari,0 days 00:55:04.938000,2024-07-21 13:02:58.551,1,5.0,False,,False,False,91.218
0 days 00:58:01.496000,LEC,16,0 days 00:01:25.076000,2.0,1.0,,,0 days 00:00:30.320000,0 days 00:00:30.752000,0 days 00:00:24.004000,0 days 00:57:06.766000,0 days 00:57:37.518000,0 days 00:58:01.522000,277.0,232.0,243.0,290.0,True,MEDIUM,2.0,True,Ferrari,0 days 00:56:36.420000,2024-07-21 13:04:30.033,1,5.0,False,,False,True,85.076
0 days 00:59:26.143000,LEC,16,0 days 00:01:24.647000,3.0,1.0,,,0 days 00:00:30.280000,0 days 00:00:30.432000,0 days 00:00:23.935000,0 days 00:58:31.802000,0 days 00:59:02.234000,0 days 00:59:26.169000,281.0,233.0,243.0,289.0,True,MEDIUM,3.0,True,Ferrari,0 days 00:58:01.496000,2024-07-21 13:05:55.109,1,5.0,False,,False,True,84.647
0 days 01:00:50.689000,LEC,16,0 days 00:01:24.546000,4.0,1.0,,,0 days 00:00:30.155000,0 days 00:00:30.559000,0 days 00:00:23.832000,0 days 00:59:56.324000,0 days 01:00:26.883000,0 days 01:00:50.715000,275.0,236.0,245.0,290.0,True,MEDIUM,4.0,True,Ferrari,0 days 00:59:26.143000,2024-07-21 13:07:19.756,1,5.0,False,,False,True,84.546
0 days 01:02:14.801000,LEC,16,0 days 00:01:24.112000,5.0,1.0,,,0 days 00:00:29.982000,0 days 00:00:30.244000,0 days 00:00:23.886000,0 days 01:01:20.697000,0 days 01:01:50.941000,0 days 01:02:14.827000,280.0,233.0,244.0,291.0,True,MEDIUM,5.0,True,Ferrari,0 days 01:00:50.689000,2024-07-21 13:08:44.302,1,5.0,False,,False,True,84.112
0 days 01:03:38.920000,LEC,16,0 days 00:01:24.119000,6.0,1.0,,,0 days 00:00:30.051000,0 days 00:00:30.237000,0 days 00:00:23.831000,0 days 01:02:44.878000,0 days 01:03:15.115000,0 days 01:03:38.946000,278.0,235.0,245.0,290.0,False,MEDIUM,6.0,True,Ferrari,0 days 01:02:14.801000,2024-07-21 13:10:08.414,1,5.0,False,,False,True,84.119
0 days 01:05:02.945000,LEC,16,0 days 00:01:24.025000,7.0,1.0,,,0 days 00:00:29.986000,0 days 00:00:30.138000,0 days 00:00:23.901000,0 days 01:04:08.932000,0 days 01:04:39.070000,0 days 01:05:02.971000,281.0,237.0,244.0,,True,MEDIUM,7.0,True,Ferrari,0 days 01:03:38.920000,2024-07-21 13:11:32.533,1,5.0,False,,False,True,84.025
0 days 01:06:27.326000,LEC,16,0 days 00:01:24.381000,8.0,1.0,,,0 days 00:00:30.147000,0 days 00:00:30.312000,0 days 00:00:23.922000,0 days 01:05:33.118000,0 days 01:06:03.430000,0 days 01:06:27.352000,279.0,236.0,244.0,,False,MEDIUM,8.0,True,Ferrari,0 days 01:05:02.945000,2024-07-21 13:12:56.558,1,5.0,False,,False,True,84.381
0 days 01:07:51.634000,LEC,16,0 days 00:01:24.308000,9.0,1.0,,,0 days 00:00:30.090000,0 days 00:00:30.339000,0 days 00:00:23.879000,0 days 01:06:57.442000,0 days 01:07:27.781000,0 days 01:07:51.660000,280.0,234.0,245.0,,False,MEDIUM,9.0,True,Ferrari,0 days 01:06:27.326000,2024-07-21 13:14:20.939,1,5.0,False,,False,True,84.308
0 days 01:09:16.238000,LEC,16,0 days 00:01:24.604000,10.0,1.0,,,0 days 00:00:30.176000,0 days 00:00:30.265000,0 days 00:00:24.163000,0 days 01:08:21.836000,0 days 01:08:52.101000,0 days 01:09:16.264000,283.0,238.0,244.0,291.0,False,MEDIUM,10.0,True,Ferrari,0 days 01:07:51.634000,2024-07-21 13:15:45.247,1,5.0,False,,False,True,84.604
0 days 01:10:40.870000,LEC,16,0 days 00:01:24.632000,11.0,1.0,,,0 days 00:00:30.245000,0 days 00:00:30.371000,0 days 00:00:24.016000,0 days 01:09:46.509000,0 days 01:10:16.880000,0 days 01:10:40.896000,282.0,235.0,245.0,,False,MEDIUM,11.0,True,Ferrari,0 days 01:09:16.238000,2024-07-21 13:17:09.851,1,5.0,False,,False,True,84.632
0 days 01:12:05.281000,LEC,16,0 days 00:01:24.411000,12.0,1.0,,,0 days 00:00:30.092000,0 days 00:00:30.266000,0 days 00:00:24.053000,0 days 01:11:10.988000,0 days 01:11:41.254000,0 days 01:12:05.307000,,236.0,242.0,,False,MEDIUM,12.0,True,Ferrari,0 days 01:10:40.870000,2024-07-21 13:18:34.483,1,5.0,False,,False,True,84.411
0 days 01:13:29.923000,LEC,16,0 days 00:01:24.642000,13.0,1.0,,,0 days 00:00:30.247000,0 days 00:00:30.315000,0 days 00:00:24.080000,0 days 01:12:35.554000,0 days 01:13:05.869000,0 days 01:13:29.949000,,236.0,245.0,290.0,False,MEDIUM,13.0,True,Ferrari,0 days 01:12:05.281000,2024-07-21 13:19:58.894,1,5.0,False,,False,True,84.642
0 days 01:14:54.758000,LEC,16,0 days 00:01:24.835000,14.0,1.0,,,0 days 00:00:30.332000,0 days 00:00:30.374000,0 days 00:00:24.129000,0 days 01:14:00.281000,0 days 01:14:30.655000,0 days 01:14:54.784000,280.0,239.0,243.0,,False,MEDIUM,14.0,True,Ferrari,0 days 01:13:29.923000,2024-07-21 13:21:23.536,1,5.0,False,,False,True,84.835
0 days 01:16:19.604000,LEC,16,0 days 00:01:24.846000,15.0,1.0,,,0 days 00:00:30.253000,0 days 00:00:30.485000,0 days 00:00:24.108000,0 days 01:15:25.037000,0 days 01:15:55.522000,0 days 01:16:19.630000,281.0,237.0,244.0,291.0,False,MEDIUM,15.0,True,Ferrari,0 days 01:14:54.758000,2024-07-21 13:22:48.371,1,5.0,False,,False,True,84.846
0 days 01:17:44.498000,LEC,16,0 days 00:01:24.894000,16.0,1.0,,,0 days 00:00:30.239000,0 days 00:00:30.542000,0 days 00:00:24.113000,0 days 01:16:49.869000,0 days 01:17:20.411000,0 days 01:17:44.524000,282.0,234.0,246.0,,False,MEDIUM,16.0,True,Ferrari,0 days 01:16:19.604000,2024-07-21 13:24:13.217,1,4.0,False,,False,True,84.894
0 days 01:19:09.351000,LEC,16,0 days 00:01:24.853000,17.0,1.0,,,0 days 00:00:30.267000,0 days 00:00:30.386000,0 days 00:00:24.200000,0 days 01:18:14.791000,0 days 01:18:45.177000,0 days 01:19:09.377000,280.0,237.0,242.0,290.0,False,MEDIUM,17.0,True,Ferrari,0 days 01:17:44.498000,2024-07-21 13:25:38.111,1,4.0,False,,False,True,84.853
0 days 01:20:34.058000,LEC,16,0 days 00:01:24.707000,18.0,1.0,,,0 days 00:00:30.346000,0 days 00:00:30.314000,0 days 00:00:24.047000,0 days 01:19:39.723000,0 days 01:20:10.037000,0 days 01:20:34.084000,,238.0,242.0,288.0,False,MEDIUM,18.0,True,Ferrari,0 days 01:19:09.351000,2024-07-21 13:27:02.964,1,3.0,False,,False,True,84.707
0 days 01:21:58.683000,LEC,16,0 days 00:01:24.625000,19.0,1.0,,,0 days 00:00:30.273000,0 days 00:00:30.285000,0 days 00:00:24.067000,0 days 01:21:04.357000,0 days 01:21:34.642000,0 days 01:21:58.709000,281.0,237.0,243.0,287.0,False,MEDIUM,19.0,True,Ferrari,0 days 01:20:34.058000,2024-07-21 13:28:27.671,1,2.0,False,,False,True,84.625
0 days 01:23:23.196000,LEC,16,0 days 00:01:24.513000,20.0,1.0,,,0 days 00:00:30.217000,0 days 00:00:30.221000,0 days 00:00:24.075000,0 days 01:22:28.926000,0 days 01:22:59.147000,0 days 01:23:23.222000,,232.0,243.0,288.0,False,MEDIUM,20.0,True,Ferrari,0 days 01:21:58.683000,2024-07-21 13:29:52.296,1,2.0,False,,False,True,84.513
0 days 01:24:47.727000,LEC,16,0 days 00:01:24.531000,21.0,1.0,,,0 days 00:00:30.180000,0 days 00:00:30.307000,0 days 00:00:24.044000,0 days 01:23:53.402000,0 days 01:24:23.709000,0 days 01:24:47.753000,,238.0,243.0,289.0,False,MEDIUM,21.0,True,Ferrari,0 days 01:23:23.196000,2024-07-21 13:31:16.809,1,2.0,False,,False,True,84.531
0 days 01:26:12.198000,LEC,16,0 days 00:01:24.471000,22.0,1.0,,,0 days 00:00:30.263000,0 days 00:00:30.155000,0 days 00:00:24.053000,0 days 01:25:18.016000,0 days 01:25:48.171000,0 days 01:26:12.224000,279.0,237.0,244.0,288.0,False,MEDIUM,22.0,True,Ferrari,0 days 01:24:47.727000,2024-07-21 13:32:41.340,1,1.0,False,,False,True,84.471
0 days 01:27:39.116000,LEC,16,0 days 00:01:26.918000,23.0,1.0,,0 days 01:27:37.483000,0 days 00:00:30.291000,0 days 00:00:30.122000,0 days 00:00:26.505000,0 days 01:26:42.515000,0 days 01:27:12.637000,0 days 01:27:39.142000,278.0,236.0,,,False,MEDIUM,23.0,True,Ferrari,0 days 01:26:12.198000,2024-07-21 13:34:05.811,1,1.0,False,,False,False,86.918
0 days 01:29:21.144000,LEC,16,0 days 00:01:42.028000,24.0,2.0,0 days 01:27:59.355000,,0 days 00:00:48.407000,0 days 00:00:30.018000,0 days 00:00:23.603000,0 days 01:28:27.549000,0 days 01:28:57.567000,0 days 01:29:21.170000,276.0,237.0,246.0,,False,HARD,1.0,True,Ferrari,0 days 01:27:39.116000,2024-07-21 13:35:32.729,1,5.0,False,,False,False,102.028
0 days 01:30:44.215000,LEC,16,0 days 00:01:23.071000,25.0,2.0,,,0 days 00:00:30.007000,0 days 00:00:29.698000,0 days 00:00:23.366000,0 days 01:29:51.177000,0 days 01:30:20.875000,0 days 01:30:44.241000,278.0,238.0,245.0,288.0,True,HARD,2.0,True,Ferrari,0 days 01:29:21.144000,2024-07-21 13:37:14.757,1,5.0,False,,False,True,83.071
0 days 01:32:07.511000,LEC,16,0 days 00:01:23.296000,26.0,2.0,,,0 days 00:00:29.833000,0 days 00:00:29.843000,0 days 00:00:23.620000,0 days 01:31:14.074000,0 days 01:31:43.917000,0 days 01:32:07.537000,279.0,237.0,247.0,,False,HARD,3.0,True,Ferrari,0 days 01:30:44.215000,2024-07-21 13:38:37.828,1,5.0,False,,False,True,83.296
0 days 01:33:30.403000,LEC,16,0 days 00:01:22.892000,27.0,2.0,,,0 days 00:00:29.850000,0 days 00:00:29.498000,0 days 00:00:23.544000,0 days 01:32:37.387000,0 days 01:33:06.885000,0 days 01:33:30.429000,,243.0,245.0,290.0,True,HARD,4.0,True,Ferrari,0 days 01:32:07.511000,2024-07-21 13:40:01.124,1,5.0,False,,False,True,82.892
0 days 01:34:52.762000,LEC,16,0 days 00:01:22.359000,28.0,2.0,,,0 days 00:00:29.771000,0 days 00:00:29.256000,0 days 00:00:23.332000,0 days 01:34:00.200000,0 days 01:34:29.456000,0 days 01:34:52.788000,280.0,243.0,247.0,289.0,True,HARD,5.0,True,Ferrari,0 days 01:33:30.403000,2024-07-21 13:41:24.016,1,5.0,False,,False,True,82.359
0 days 01:36:14.944000,LEC,16,0 days 00:01:22.182000,29.0,2.0,,,0 days 00:00:29.667000,0 days 00:00:29.151000,0 days 00:00:23.364000,0 days 01:35:22.455000,0 days 01:35:51.606000,0 days 01:36:14.970000,281.0,242.0,247.0,290.0,True,HARD,6.0,True,Ferrari,0 days 01:34:52.762000,2024-07-21 13:42:46.375,1,5.0,False,,False,True,82.182
0 days 01:37:37.644000,LEC,16,0 days 00:01:22.700000,30.0,2.0,,,0 days 00:00:29.752000,0 days 00:00:29.380000,0 days 00:00:23.568000,0 days 01:36:44.722000,0 days 01:37:14.102000,0 days 01:37:37.670000,,242.0,246.0,291.0,False,HARD,7.0,True,Ferrari,0 days 01:36:14.944000,2024-07-21 13:44:08.557,1,5.0,False,,False,True,82.7
0 days 01:39:00.420000,LEC,16,0 days 00:01:22.776000,31.0,2.0,,,0 days 00:00:29.737000,0 days 00:00:29.387000,0 days 00:00:23.652000,0 days 01:38:07.407000,0 days 01:38:36.794000,0 days 01:39:00.446000,,244.0,246.0,290.0,False,HARD,8.0,True,Ferrari,0 days 01:37:37.644000,2024-07-21 13:45:31.257,1,5.0,False,,False,True,82.776
0 days 01:40:23.215000,LEC,16,0 days 00:01:22.795000,32.0,2.0,,,0 days 00:00:29.774000,0 days 00:00:29.435000,0 days 00:00:23.586000,0 days 01:39:30.220000,0 days 01:39:59.655000,0 days 01:40:23.241000,282.0,243.0,248.0,291.0,False,HARD,9.0,True,Ferrari,0 days 01:39:00.420000,2024-07-21 13:46:54.033,1,5.0,False,,False,True,82.795
0 days 01:41:46.281000,LEC,16,0 days 00:01:23.066000,33.0,2.0,,,0 days 00:00:29.869000,0 days 00:00:29.557000,0 days 00:00:23.640000,0 days 01:40:53.110000,0 days 01:41:22.667000,0 days 01:41:46.307000,281.0,241.0,246.0,,False,HARD,10.0,True,Ferrari,0 days 01:40:23.215000,2024-07-21 13:48:16.828,1,5.0,False,,False,True,83.066
0 days 01:43:09.488000,LEC,16,0 days 00:01:23.207000,34.0,2.0,,,0 days 00:00:29.933000,0 days 00:00:29.617000,0 days 00:00:23.657000,0 days 01:42:16.240000,0 days 01:42:45.857000,0 days 01:43:09.514000,282.0,240.0,246.0,,False,HARD,11.0,True,Ferrari,0 days 01:41:46.281000,2024-07-21 13:49:39.894,1,5.0,False,,False,True,83.207
0 days 01:44:33.333000,LEC,16,0 days 00:01:23.845000,35.0,2.0,,,0 days 00:00:30.016000,0 days 00:00:29.981000,0 days 00:00:23.848000,0 days 01:43:39.530000,0 days 01:44:09.511000,0 days 01:44:33.359000,284.0,241.0,248.0,292.0,False,HARD,12.0,True,Ferrari,0 days 01:43:09.488000,2024-07-21 13:51:03.101,1,5.0,False,,False,True,83.845
0 days 01:45:57.456000,LEC,16,0 days 00:01:24.123000,36.0,2.0,,,0 days 00:00:30.187000,0 days 00:00:29.883000,0 days 00:00:24.053000,0 days 01:45:03.546000,0 days 01:45:33.429000,0 days 01:45:57.482000,283.0,241.0,246.0,,False,HARD,13.0,True,Ferrari,0 days 01:44:33.333000,2024-07-21 13:52:26.946,1,5.0,False,,False,True,84.123
0 days 01:47:21.533000,LEC,16,0 days 00:01:24.077000,37.0,2.0,,,0 days 00:00:30.167000,0 days 00:00:29.985000,0 days 00:00:23.925000,0 days 01:46:27.649000,0 days 01:46:57.634000,0 days 01:47:21.559000,282.0,240.0,246.0,293.0,False,HARD,14.0,True,Ferrari,0 days 01:45:57.456000,2024-07-21 13:53:51.069,1,5.0,False,,False,True,84.077
0 days 01:48:46.445000,LEC,16,0 days 00:01:24.912000,38.0,2.0,,,0 days 00:00:30.265000,0 days 00:00:30.314000,0 days 00:00:24.333000,0 days 01:47:51.824000,0 days 01:48:22.138000,0 days 01:48:46.471000,283.0,239.0,245.0,,False,HARD,15.0,True,Ferrari,0 days 01:47:21.533000,2024-07-21 13:55:15.146,1,5.0,False,,False,True,84.912
0 days 01:50:10.897000,LEC,16,0 days 00:01:24.452000,39.0,2.0,,,0 days 00:00:30.271000,0 days 00:00:30.081000,0 days 00:00:24.100000,0 days 01:49:16.742000,0 days 01:49:46.823000,0 days 01:50:10.923000,284.0,240.0,250.0,,False,HARD,16.0,True,Ferrari,0 days 01:48:46.445000,2024-07-21 13:56:40.058,1,5.0,False,,False,True,84.452
0 days 01:51:38.171000,LEC,16,0 days 00:01:27.274000,40.0,2.0,,0 days 01:51:36.502000,0 days 00:00:30.133000,0 days 00:00:30.615000,0 days 00:00:26.526000,0 days 01:50:41.056000,0 days 01:51:11.671000,0 days 01:51:38.197000,282.0,237.0,,306.0,False,HARD,17.0,True,Ferrari,0 days 01:50:10.897000,2024-07-21 13:58:04.510,1,5.0,False,,False,False,87.274
0 days 01:53:18.987000,LEC,16,0 days 00:01:40.816000,41.0,3.0,0 days 01:51:58.155000,,0 days 00:00:47.958000,0 days 00:00:29.568000,0 days 00:00:23.290000,0 days 01:52:26.155000,0 days 01:52:55.723000,0 days 01:53:19.013000,283.0,241.0,248.0,,False,MEDIUM,1.0,True,Ferrari,0 days 01:51:38.171000,2024-07-21 13:59:31.784,1,6.0,False,,False,False,100.816
0 days 01:54:41.749000,LEC,16,0 days 00:01:22.762000,42.0,3.0,,,0 days 00:00:29.693000,0 days 00:00:29.575000,0 days 00:00:23.494000,0 days 01:53:48.706000,0 days 01:54:18.281000,0 days 01:54:41.775000,278.0,238.0,247.0,292.0,False,MEDIUM,2.0,True,Ferrari,0 days 01:53:18.987000,2024-07-21 14:01:12.600,1,6.0,False,,False,True,82.762
0 days 01:56:04.716000,LEC,16,0 days 00:01:22.967000,43.0,3.0,,,0 days 00:00:29.645000,0 days 00:00:29.646000,0 days 00:00:23.676000,0 days 01:55:11.420000,0 days 01:55:41.066000,0 days 01:56:04.742000,282.0,238.0,246.0,291.0,False,MEDIUM,3.0,True,Ferrari,0 days 01:54:41.749000,2024-07-21 14:02:35.362,1,6.0,False,,False,True,82.967
0 days 01:57:27.902000,LEC,16,0 days 00:01:23.186000,44.0,3.0,,,0 days 00:00:29.938000,0 days 00:00:29.576000,0 days 00:00:23.672000,0 days 01:56:34.680000,0 days 01:57:04.256000,0 days 01:57:27.928000,283.0,242.0,247.0,,False,MEDIUM,4.0,True,Ferrari,0 days 01:56:04.716000,2024-07-21 14:03:58.329,1,6.0,False,,False,True,83.186
0 days 01:58:50.944000,LEC,16,0 days 00:01:23.042000,45.0,3.0,,,0 days 00:00:29.827000,0 days 00:00:29.687000,0 days 00:00:23.528000,0 days 01:57:57.755000,0 days 01:58:27.442000,0 days 01:58:50.970000,282.0,242.0,247.0,293.0,False,MEDIUM,5.0,True,Ferrari,0 days 01:57:27.902000,2024-07-21 14:05:21.515,1,6.0,False,,False,True,83.042
0 days 02:00:13.867000,LEC,16,0 days 00:01:22.923000,46.0,3.0,,,0 days 00:00:29.695000,0 days 00:00:29.561000,0 days 00:00:23.667000,0 days 01:59:20.665000,0 days 01:59:50.226000,0 days 02:00:13.893000,284.0,244.0,247.0,,False,MEDIUM,6.0,True,Ferrari,0 days 01:58:50.944000,2024-07-21 14:06:44.557,1,6.0,False,,False,True,82.923
0 days 02:01:37.246000,LEC,16,0 days 00:01:23.379000,47.0,3.0,,,0 days 00:00:30.056000,0 days 00:00:29.527000,0 days 00:00:23.796000,0 days 02:00:43.949000,0 days 02:01:13.476000,0 days 02:01:37.272000,283.0,244.0,247.0,,False,MEDIUM,7.0,True,Ferrari,0 days 02:00:13.867000,2024-07-21 14:08:07.480,1,6.0,False,,False,True,83.379
0 days 02:03:00.297000,LEC,16,0 days 00:01:23.051000,48.0,3.0,,,0 days 00:00:29.828000,0 days 00:00:29.490000,0 days 00:00:23.733000,0 days 02:02:07.100000,0 days 02:02:36.590000,0 days 02:03:00.323000,284.0,243.0,248.0,,False,MEDIUM,8.0,True,Ferrari,0 days 02:01:37.246000,2024-07-21 14:09:30.859,1,5.0,False,,False,True,83.051
0 days 02:04:22.971000,LEC,16,0 days 00:01:22.674000,49.0,3.0,,,0 days 00:00:29.884000,0 days 00:00:29.297000,0 days 00:00:23.493000,0 days 02:03:30.207000,0 days 02:03:59.504000,0 days 02:04:22.997000,282.0,243.0,249.0,,False,MEDIUM,9.0,True,Ferrari,0 days 02:03:00.297000,2024-07-21 14:10:53.910,1,5.0,False,,False,True,82.674
0 days 02:05:45.697000,LEC,16,0 days 00:01:22.726000,50.0,3.0,,,0 days 00:00:29.711000,0 days 00:00:29.381000,0 days 00:00:23.634000,0 days 02:04:52.708000,0 days 02:05:22.089000,0 days 02:05:45.723000,283.0,244.0,248.0,,False,MEDIUM,10.0,True,Ferrari,0 days 02:04:22.971000,2024-07-21 14:12:16.584,1,4.0,False,,False,True,82.726
0 days 02:07:08.607000,LEC,16,0 days 00:01:22.910000,51.0,3.0,,,0 days 00:00:29.834000,0 days 00:00:29.347000,0 days 00:00:23.729000,0 days 02:06:15.557000,0 days 02:06:44.904000,0 days 02:07:08.633000,282.0,243.0,248.0,,False,MEDIUM,11.0,True,Ferrari,0 days 02:05:45.697000,2024-07-21 14:13:39.310,1,4.0,False,,False,True,82.91
0 days 02:08:31.441000,LEC,16,0 days 00:01:22.834000,52.0,3.0,,,0 days 00:00:29.797000,0 days 00:00:29.307000,0 days 00:00:23.730000,0 days 02:07:38.430000,0 days 02:08:07.737000,0 days 02:08:31.467000,,244.0,251.0,294.0,False,MEDIUM,12.0,True,Ferrari,0 days 02:07:08.607000,2024-07-21 14:15:02.220,1,4.0,False,,False,True,82.834
0 days 02:09:54.267000,LEC,16,0 days 00:01:22.826000,53.0,3.0,,,0 days 00:00:29.649000,0 days 00:00:29.499000,0 days 00:00:23.678000,0 days 02:09:01.116000,0 days 02:09:30.615000,0 days 02:09:54.293000,285.0,242.0,250.0,306.0,False,MEDIUM,13.0,True,Ferrari,0 days 02:08:31.441000,2024-07-21 14:16:25.054,1,4.0,False,,False,True,82.826
0 days 02:11:16.566000,LEC,16,0 days 00:01:22.299000,54.0,3.0,,,0 days 00:00:29.688000,0 days 00:00:29.025000,0 days 00:00:23.586000,0 days 02:10:23.981000,0 days 02:10:53.006000,0 days 02:11:16.592000,284.0,246.0,249.0,297.0,False,MEDIUM,14.0,True,Ferrari,0 days 02:09:54.267000,2024-07-21 14:17:47.880,1,4.0,False,,False,True,82.299
0 days 02:12:39.530000,LEC,16,0 days 00:01:22.964000,55.0,3.0,,,0 days 00:00:29.865000,0 days 00:00:29.397000,0 days 00:00:23.702000,0 days 02:11:46.457000,0 days 02:12:15.854000,0 days 02:12:39.556000,282.0,243.0,248.0,296.0,False,MEDIUM,15.0,True,Ferrari,0 days 02:11:16.566000,2024-07-21 14:19:10.179,1,4.0,False,,False,True,82.964
0 days 02:14:02.549000,LEC,16,0 days 00:01:23.019000,56.0,3.0,,,0 days 00:00:29.837000,0 days 00:00:29.314000,0 days 00:00:23.868000,0 days 02:13:09.393000,0 days 02:13:38.707000,0 days 02:14:02.575000,284.0,244.0,249.0,294.0,False,MEDIUM,16.0,True,Ferrari,0 days 02:12:39.530000,2024-07-21 14:20:33.143,1,4.0,False,,False,True,83.019
0 days 02:15:27.175000,LEC,16,0 days 00:01:24.626000,57.0,3.0,,,0 days 00:00:30.698000,0 days 00:00:29.990000,0 days 00:00:23.938000,0 days 02:14:33.273000,0 days 02:15:03.263000,0 days 02:15:27.201000,,241.0,251.0,299.0,False,MEDIUM,17.0,True,Ferrari,0 days 02:14:02.549000,2024-07-21 14:21:56.162,1,5.0,False,,False,True,84.626
0 days 02:16:50.767000,LEC,16,0 days 00:01:23.592000,58.0,3.0,,,0 days 00:00:29.815000,0 days 00:00:29.960000,0 days 00:00:23.817000,0 days 02:15:57.016000,0 days 02:16:26.976000,0 days 02:16:50.793000,285.0,241.0,248.0,304.0,False,MEDIUM,18.0,True,Ferrari,0 days 02:15:27.175000,2024-07-21 14:23:20.788,1,5.0,False,,False,True,83.592
0 days 02:18:13.336000,LEC,16,0 days 00:01:22.569000,59.0,3.0,,,0 days 00:00:29.741000,0 days 00:00:29.216000,0 days 00:00:23.612000,0 days 02:17:20.534000,0 days 02:17:49.750000,0 days 02:18:13.362000,,245.0,248.0,293.0,False,MEDIUM,19.0,True,Ferrari,0 days 02:16:50.767000,2024-07-21 14:24:44.380,1,5.0,False,,False,True,82.569
0 days 02:19:35.916000,LEC,16,0 days 00:01:22.580000,60.0,3.0,,,0 days 00:00:29.830000,0 days 00:00:29.144000,0 days 00:00:23.606000,0 days 02:18:43.192000,0 days 02:19:12.336000,0 days 02:19:35.942000,284.0,244.0,247.0,292.0,False,MEDIUM,20.0,True,Ferrari,0 days 02:18:13.336000,2024-07-21 14:26:06.949,1,5.0,False,,False,True,82.58
0 days 02:20:58.810000,LEC,16,0 days 00:01:22.894000,61.0,3.0,,,0 days 00:00:29.705000,0 days 00:00:29.534000,0 days 00:00:23.655000,0 days 02:20:05.647000,0 days 02:20:35.181000,0 days 02:20:58.836000,285.0,241.0,249.0,,False,MEDIUM,21.0,True,Ferrari,0 days 02:19:35.916000,2024-07-21 14:27:29.529,1,5.0,False,,False,True,82.894
0 days 02:22:21.932000,LEC,16,0 days 00:01:23.122000,62.0,3.0,,,0 days 00:00:29.819000,0 days 00:00:29.574000,0 days 00:00:23.729000,0 days 02:21:28.655000,0 days 02:21:58.229000,0 days 02:22:21.958000,,243.0,248.0,294.0,False,MEDIUM,22.0,True,Ferrari,0 days 02:20:58.810000,2024-07-21 14:28:52.423,1,5.0,False,,False,True,83.122
0 days 02:23:44.909000,LEC,16,0 days 00:01:22.977000,63.0,3.0,,,0 days 00:00:29.911000,0 days 00:00:29.350000,0 days 00:00:23.716000,0 days 02:22:51.869000,0 days 02:23:21.219000,0 days 02:23:44.935000,,244.0,248.0,293.0,False,MEDIUM,23.0,True,Ferrari,0 days 02:22:21.932000,2024-07-21 14:30:15.545,12,4.0,False,,False,True,82.977
0 days 02:25:08.300000,LEC,16,0 days 00:01:23.391000,64.0,3.0,,,0 days 00:00:30.109000,0 days 00:00:29.375000,0 days 00:00:23.907000,0 days 02:24:15.044000,0 days 02:24:44.419000,0 days 02:25:08.326000,284.0,244.0,247.0,295.0,False,MEDIUM,24.0,True,Ferrari,0 days 02:23:44.909000,2024-07-21 14:31:38.522,1,4.0,False,,False,True,83.391
0 days 02:26:31.363000,LEC,16,0 days 00:01:23.063000,65.0,3.0,,,0 days 00:00:29.911000,0 days 00:00:29.359000,0 days 00:00:23.793000,0 days 02:25:38.237000,0 days 02:26:07.596000,0 days 02:26:31.389000,285.0,242.0,248.0,290.0,False,MEDIUM,25.0,True,Ferrari,0 days 02:25:08.300000,2024-07-21 14:33:01.913,1,4.0,False,,False,True,83.063
0 days 02:27:54.750000,LEC,16,0 days 00:01:23.387000,66.0,3.0,,,0 days 00:00:29.901000,0 days 00:00:29.651000,0 days 00:00:23.835000,0 days 02:27:01.290000,0 days 02:27:30.941000,0 days 02:27:54.776000,284.0,245.0,248.0,293.0,False,MEDIUM,26.0,True,Ferrari,0 days 02:26:31.363000,2024-07-21 14:34:24.976,1,4.0,False,,False,True,83.387
0 days 02:29:17.780000,LEC,16,0 days 00:01:23.030000,67.0,3.0,,,0 days 00:00:29.815000,0 days 00:00:29.358000,0 days 00:00:23.857000,0 days 02:28:24.591000,0 days 02:28:53.949000,0 days 02:29:17.806000,282.0,243.0,249.0,,False,MEDIUM,27.0,True,Ferrari,0 days 02:27:54.750000,2024-07-21 14:35:48.363,1,4.0,False,,False,True,83.03
0 days 02:30:40.650000,LEC,16,0 days 00:01:22.870000,68.0,3.0,,,0 days 00:00:29.893000,0 days 00:00:29.324000,0 days 00:00:23.653000,0 days 02:29:47.699000,0 days 02:30:17.023000,0 days 02:30:40.676000,283.0,244.0,248.0,294.0,False,MEDIUM,28.0,True,Ferrari,0 days 02:29:17.780000,2024-07-21 14:37:11.393,1,4.0,False,,False,True,82.87
0 days 02:32:03.768000,LEC,16,0 days 00:01:23.118000,69.0,3.0,,,0 days 00:00:29.959000,0 days 00:00:29.324000,0 days 00:00:23.835000,0 days 02:31:10.635000,0 days 02:31:39.959000,0 days 02:32:03.794000,,245.0,249.0,293.0,False,MEDIUM,29.0,True,Ferrari,0 days 02:30:40.650000,2024-07-21 14:38:34.263,1,4.0,False,,False,True,83.118
0 days 02:33:26.877000,LEC,16,0 days 00:01:23.109000,70.0,3.0,,,0 days 00:00:29.846000,0 days 00:00:29.496000,0 days 00:00:23.767000,0 days 02:32:33.640000,0 days 02:33:03.136000,0 days 02:33:26.903000,285.0,242.0,248.0,294.0,False,MEDIUM,30.0,True,Ferrari,0 days 02:32:03.768000,2024-07-21 14:39:57.381,1,4.0,False,,False,True,83.109
0 days 00:56:33.538000,VER,1,0 days 00:01:28.336000,1.0,1.0,,,,0 days 00:00:30.558000,0 days 00:00:23.329000,,0 days 00:56:10.273000,0 days 00:56:33.771000,272.0,236.0,246.0,248.0,False,MEDIUM,1.0,True,Red Bull Racing,0 days 00:55:04.938000,2024-07-21 13:02:58.551,1,2.0,False,,False,False,88.336
0 days 00:57:57.564000,VER,1,0 days 00:01:24.026000,2.0,1.0,,,0 days 00:00:29.907000,0 days 00:00:30.574000,0 days 00:00:23.545000,0 days 00:57:03.478000,0 days 00:57:34.052000,0 days 00:57:57.597000,,235.0,244.0,287.0,True,MEDIUM,2.0,True,Red Bull Racing,0 days 00:56:33.538000,2024-07-21 13:04:27.151,1,2.0,False,,False,True,84.026
0 days 00:59:21.639000,VER,1,0 days 00:01:24.075000,3.0,1.0,,,0 days 00:00:29.983000,0 days 00:00:30.562000,0 days 00:00:23.530000,0 days 00:58:27.580000,0 days 00:58:58.142000,0 days 00:59:21.672000,276.0,235.0,243.0,285.0,False,MEDIUM,3.0,True,Red Bull Racing,0 days 00:57:57.564000,2024-07-21 13:05:51.177,1,2.0,False,,False,True,84.075
0 days 01:00:47.714000,VER,1,0 days 00:01:26.075000,4.0,1.0,,,0 days 00:00:32.067000,0 days 00:00:30.541000,0 days 00:00:23.467000,0 days 00:59:53.739000,0 days 01:00:24.280000,0 days 01:00:47.747000,280.0,238.0,249.0,287.0,False,MEDIUM,4.0,True,Red Bull Racing,0 days 00:59:21.639000,2024-07-21 13:07:15.252,1,3.0,False,,False,True,86.075
0 days 01:02:11.693000,VER,1,0 days 00:01:23.979000,5.0,1.0,,,0 days 00:00:29.670000,0 days 00:00:30.615000,0 days 00:00:23.694000,0 days 01:01:17.417000,0 days 01:01:48.032000,0 days 01:02:11.726000,281.0,235.0,249.0,301.0,True,MEDIUM,5.0,True,Red Bull Racing,0 days 01:00:47.714000,2024-07-21 13:08:41.327,1,3.0,False,,False,True,83.979
0 days 01:03:35.948000,VER,1,0 days 00:01:24.255000,6.0,1.0,,,0 days 00:00:29.875000,0 days 00:00:30.464000,0 days 00:00:23.916000,0 days 01:02:41.601000,0 days 01:03:12.065000,0 days 01:03:35.981000,279.0,238.0,244.0,302.0,False,MEDIUM,6.0,True,Red Bull Racing,0 days 01:02:11.693000,2024-07-21 13:10:05.306,1,3.0,False,,False,True,84.255
0 days 01:05:00.328000,VER,1,0 days 00:01:24.380000,7.0,1.0,,,0 days 00:00:30.149000,0 days 00:00:30.401000,0 days 00:00:23.830000,0 days 01:04:06.130000,0 days 01:04:36.531000,0 days 01:05:00.361000,,236.0,243.0,288.0,False,MEDIUM,7.0,True,Red Bull Racing,0 days 01:03:35.948000,2024-07-21 13:11:29.561,1,3.0,False,,False,True,84.38
0 days 01:06:24.620000,VER,1,0 days 00:01:24.292000,8.0,1.0,,,0 days 00:00:30.119000,0 days 00:00:30.474000,0 days 00:00:23.699000,0 days 01:05:30.480000,0 days 01:06:00.954000,0 days 01:06:24.653000,,237.0,245.0,,False,MEDIUM,8.0,True,Red Bull Racing,0 days 01:05:00.328000,2024-07-21 13:12:53.941,1,3.0,False,,False,True,84.292
0 days 01:07:49.064000,VER,1,0 days 00:01:24.444000,9.0,1.0,,,0 days 00:00:30.027000,0 days 00:00:30.507000,0 days 00:00:23.910000,0 days 01:06:54.680000,0 days 01:07:25.187000,0 days 01:07:49.097000,,236.0,244.0,289.0,False,MEDIUM,9.0,True,Red Bull Racing,0 days 01:06:24.620000,2024-07-21 13:14:18.233,1,3.0,False,,False,True,84.444
0 days 01:09:13.578000,VER,1,0 days 00:01:24.514000,10.0,1.0,,,0 days 00:00:30.201000,0 days 00:00:30.357000,0 days 00:00:23.956000,0 days 01:08:19.298000,0 days 01:08:49.655000,0 days 01:09:13.611000,,238.0,244.0,288.0,False,MEDIUM,10.0,True,Red Bull Racing,0 days 01:07:49.064000,2024-07-21 13:15:42.677,1,3.0,False,,False,True,84.514
0 days 01:10:37.952000,VER,1,0 days 00:01:24.374000,11.0,1.0,,,0 days 00:00:30.119000,0 days 00:00:30.323000,0 days 00:00:23.932000,0 days 01:09:43.730000,0 days 01:10:14.053000,0 days 01:10:37.985000,280.0,239.0,244.0,,False,MEDIUM,11.0,True,Red Bull Racing,0 days 01:09:13.578000,2024-07-21 13:17:07.191,1,3.0,False,,False,True,84.374
0 days 01:12:02.374000,VER,1,0 days 00:01:24.422000,12.0,1.0,,,0 days 00:00:30.208000,0 days 00:00:30.249000,0 days 00:00:23.965000,0 days 01:11:08.193000,0 days 01:11:38.442000,0 days 01:12:02.407000,279.0,238.0,243.0,,False,MEDIUM,12.0,True,Red Bull Racing,0 days 01:10:37.952000,2024-07-21 13:18:31.565,1,3.0,False,,False,True,84.422
0 days 01:13:27.143000,VER,1,0 days 00:01:24.769000,13.0,1.0,,,0 days 00:00:30.246000,0 days 00:00:30.495000,0 days 00:00:24.028000,0 days 01:12:32.653000,0 days 01:13:03.148000,0 days 01:13:27.176000,,237.0,243.0,287.0,False,MEDIUM,13.0,True,Red Bull Racing,0 days 01:12:02.374000,2024-07-21 13:19:55.987,1,3.0,False,,False,True,84.769
0 days 01:14:51.895000,VER,1,0 days 00:01:24.752000,14.0,1.0,,,0 days 00:00:30.254000,0 days 00:00:30.477000,0 days 00:00:24.021000,0 days 01:13:57.430000,0 days 01:14:27.907000,0 days 01:14:51.928000,278.0,238.0,244.0,,False,MEDIUM,14.0,True,Red Bull Racing,0 days 01:13:27.143000,2024-07-21 13:21:20.756,1,3.0,False,,False,True,84.752
0 days 01:16:16.433000,VER,1,0 days 00:01:24.538000,15.0,1.0,,,0 days 00:00:30.278000,0 days 00:00:30.368000,0 days 00:00:23.892000,0 days 01:15:22.206000,0 days 01:15:52.574000,0 days 01:16:16.466000,279.0,239.0,244.0,288.0,False,MEDIUM,15.0,True,Red Bull Racing,0 days 01:14:51.895000,2024-07-21 13:22:45.508,1,3.0,False,,False,True,84.538
0 days 01:17:41.211000,VER,1,0 days 00:01:24.778000,16.0,1.0,,,0 days 00:00:30.292000,0 days 00:00:30.518000,0 days 00:00:23.968000,0 days 01:16:46.758000,0 days 01:17:17.276000,0 days 01:17:41.244000,278.0,236.0,245.0,,False,MEDIUM,16.0,True,Red Bull Racing,0 days 01:16:16.433000,2024-07-21 13:24:10.046,1,3.0,False,,False,True,84.778
0 days 01:19:05.901000,VER,1,0 days 00:01:24.690000,17.0,1.0,,,0 days 00:00:30.271000,0 days 00:00:30.415000,0 days 00:00:24.004000,0 days 01:18:11.515000,0 days 01:18:41.930000,0 days 01:19:05.934000,,239.0,241.0,287.0,False,MEDIUM,17.0,True,Red Bull Racing,0 days 01:17:41.211000,2024-07-21 13:25:34.824,1,3.0,False,,False,True,84.69
0 days 01:20:30.592000,VER,1,0 days 00:01:24.691000,18.0,1.0,,,0 days 00:00:30.304000,0 days 00:00:30.433000,0 days 00:00:23.954000,0 days 01:19:36.238000,0 days 01:20:06.671000,0 days 01:20:30.625000,277.0,238.0,242.0,284.0,False,MEDIUM,18.0,True,Red Bull Racing,0 days 01:19:05.901000,2024-07-21 13:26:59.514,1,2.0,False,,False,True,84.691
0 days 01:21:55.115000,VER,1,0 days 00:01:24.523000,19.0,1.0,,,0 days 00:00:30.245000,0 days 00:00:30.392000,0 days 00:00:23.886000,0 days 01:21:00.870000,0 days 01:21:31.262000,0 days 01:21:55.148000,,238.0,243.0,283.0,False,MEDIUM,19.0,True,Red Bull Racing,0 days 01:20:30.592000,2024-07-21 13:28:24.205,1,1.0,False,,False,True,84.523
0 days 01:23:19.616000,VER,1,0 days 00:01:24.501000,20.0,1.0,,,0 days 00:00:30.268000,0 days 00:00:30.297000,0 days 00:00:23.936000,0 days 01:22:25.416000,0 days 01:22:55.713000,0 days 01:23:19.649000,,237.0,242.0,284.0,False,MEDIUM,20.0,True,Red Bull Racing,0 days 01:21:55.115000,2024-07-21 13:29:48.728,1,1.0,False,,False,True,84.501
0 days 01:24:46.643000,VER,1,0 days 00:01:27.027000,21.0,1.0,,0 days 01:24:44.883000,0 days 00:00:30.244000,0 days 00:00:30.424000,0 days 00:00:26.359000,0 days 01:23:49.893000,0 days 01:24:20.317000,0 days 01:24:46.676000,,238.0,,285.0,False,MEDIUM,21.0,True,Red Bull Racing,0 days 01:23:19.616000,2024-07-21 13:31:13.229,1,1.0,False,,False,False,87.027
0 days 01:26:28.431000,VER,1,0 days 00:01:41.788000,22.0,2.0,0 days 01:25:07.126000,,0 days 00:00:48.658000,0 days 00:00:29.859000,0 days 00:00:23.271000,0 days 01:25:35.334000,0 days 01:26:05.193000,0 days 01:26:28.464000,277.0,237.0,246.0,,False,HARD,1.0,True,Red Bull Racing,0 days 01:24:46.643000,2024-07-21 13:32:40.256,1,5.0,False,,False,False,101.788
0 days 01:27:51.200000,VER,1,0 days 00:01:22.769000,23.0,2.0,,,0 days 00:00:29.688000,0 days 00:00:29.759000,0 days 00:00:23.322000,0 days 01:26:58.152000,0 days 01:27:27.911000,0 days 01:27:51.233000,276.0,240.0,246.0,287.0,True,HARD,2.0,True,Red Bull Racing,0 days 01:26:28.431000,2024-07-21 13:34:22.044,1,5.0,False,,False,True,82.769
0 days 01:29:13.991000,VER,1,0 days 00:01:22.791000,24.0,2.0,,,0 days 00:00:29.832000,0 days 00:00:29.610000,0 days 00:00:23.349000,0 days 01:28:21.065000,0 days 01:28:50.675000,0 days 01:29:14.024000,278.0,241.0,246.0,,False,HARD,3.0,True,Red Bull Racing,0 days 01:27:51.200000,2024-07-21 13:35:44.813,1,4.0,False,,False,True,82.791
0 days 01:30:36.773000,VER,1,0 days 00:01:22.782000,25.0,2.0,,,0 days 00:00:29.806000,0 days 00:00:29.682000,0 days 00:00:23.294000,0 days 01:29:43.830000,0 days 01:30:13.512000,0 days 01:30:36.806000,,240.0,245.0,288.0,False,HARD,4.0,True,Red Bull Racing,0 days 01:29:13.991000,2024-07-21 13:37:07.604,1,4.0,False,,False,True,82.782
0 days 01:31:59.489000,VER,1,0 days 00:01:22.716000,26.0,2.0,,,0 days 00:00:29.818000,0 days 00:00:29.566000,0 days 00:00:23.332000,0 days 01:31:06.624000,0 days 01:31:36.190000,0 days 01:31:59.522000,,242.0,246.0,,True,HARD,5.0,True,Red Bull Racing,0 days 01:30:36.773000,2024-07-21 13:38:30.386,1,4.0,False,,False,True,82.716
0 days 01:33:22.144000,VER,1,0 days 00:01:22.655000,27.0,2.0,,,0 days 00:00:29.784000,0 days 00:00:29.460000,0 days 00:00:23.411000,0 days 01:32:29.306000,0 days 01:32:58.766000,0 days 01:33:22.177000,279.0,243.0,247.0,,True,HARD,6.0,True,Red Bull Racing,0 days 01:31:59.489000,2024-07-21 13:39:53.102,1,4.0,False,,False,True,82.655
0 days 01:34:44.907000,VER,1,0 days 00:01:22.763000,28.0,2.0,,,0 days 00:00:29.759000,0 days 00:00:29.574000,0 days 00:00:23.430000,0 days 01:33:51.936000,0 days 01:34:21.510000,0 days 01:34:44.940000,280.0,242.0,247.0,289.0,False,HARD,7.0,True,Red Bull Racing,0 days 01:33:22.144000,2024-07-21 13:41:15.757,1,4.0,False,,False,True,82.763
0 days 01:36:07.714000,VER,1,0 days 00:01:22.807000,29.0,2.0,,,0 days 00:00:29.828000,0 days 00:00:29.506000,0 days 00:00:23.473000,0 days 01:35:14.768000,0 days 01:35:44.274000,0 days 01:36:07.747000,,243.0,246.0,,False,HARD,8.0,True,Red Bull Racing,0 days 01:34:44.907000,2024-07-21 13:42:38.520,1,4.0,False,,False,True,82.807
0 days 01:37:30.864000,VER,1,0 days 00:01:23.150000,30.0,2.0,,,0 days 00:00:29.833000,0 days 00:00:29.681000,0 days 00:00:23.636000,0 days 01:36:37.580000,0 days 01:37:07.261000,0 days 01:37:30.897000,,244.0,247.0,290.0,False,HARD,9.0,True,Red Bull Racing,0 days 01:36:07.714000,2024-07-21 13:44:01.327,1,4.0,False,,False,True,83.15
0 days 01:38:54.280000,VER,1,0 days 00:01:23.416000,31.0,2.0,,,0 days 00:00:29.991000,0 days 00:00:29.798000,0 days 00:00:23.627000,0 days 01:38:00.888000,0 days 01:38:30.686000,0 days 01:38:54.313000,,244.0,247.0,,False,HARD,10.0,True,Red Bull Racing,0 days 01:37:30.864000,2024-07-21 13:45:24.477,1,4.0,False,,False,True,83.416
0 days 01:40:17.414000,VER,1,0 days 00:01:23.134000,32.0,2.0,,,0 days 00:00:29.847000,0 days 00:00:29.780000,0 days 00:00:23.507000,0 days 01:39:24.160000,0 days 01:39:53.940000,0 days 01:40:17.447000,,246.0,246.0,291.0,False,HARD,11.0,True,Red Bull Racing,0 days 01:38:54.280000,2024-07-21 13:46:47.893,1,4.0,False,,False,True,83.134
0 days 01:41:40.999000,VER,1,0 days 00:01:23.585000,33.0,2.0,,,0 days 00:00:29.887000,0 days 00:00:30.007000,0 days 00:00:23.691000,0 days 01:40:47.334000,0 days 01:41:17.341000,0 days 01:41:41.032000,281.0,243.0,251.0,,False,HARD,12.0,True,Red Bull Racing,0 days 01:40:17.414000,2024-07-21 13:48:11.027,1,4.0,False,,False,True,83.585
0 days 01:43:05.274000,VER,1,0 days 00:01:24.275000,34.0,2.0,,,0 days 00:00:29.976000,0 days 00:00:30.613000,0 days 00:00:23.686000,0 days 01:42:11.008000,0 days 01:42:41.621000,0 days 01:43:05.307000,282.0,240.0,251.0,306.0,False,HARD,13.0,True,Red Bull Racing,0 days 01:41:40.999000,2024-07-21 13:49:34.612,1,4.0,False,,False,True,84.275
0 days 01:44:31.031000,VER,1,0 days 00:01:25.757000,35.0,2.0,,,0 days 00:00:31.046000,0 days 00:00:30.854000,0 days 00:00:23.857000,0 days 01:43:36.353000,0 days 01:44:07.207000,0 days 01:44:31.064000,277.0,239.0,246.0,,False,HARD,14.0,True,Red Bull Racing,0 days 01:43:05.274000,2024-07-21 13:50:58.887,1,4.0,True,TRACK LIMITS AT TURN 2 LAP 35 ,False,True,85.757
0 days 01:45:55.111000,VER,1,0 days 00:01:24.080000,36.0,2.0,,,0 days 00:00:30.201000,0 days 00:00:30.167000,0 days 00:00:23.712000,0 days 01:45:01.265000,0 days 01:45:31.432000,0 days 01:45:55.144000,281.0,243.0,250.0,290.0,False,HARD,15.0,True,Red Bull Racing,0 days 01:44:31.031000,2024-07-21 13:52:24.644,1,4.0,False,,False,True,84.08
0 days 01:47:19.602000,VER,1,0 days 00:01:24.491000,37.0,2.0,,,0 days 00:00:30.045000,0 days 00:00:30.586000,0 days 00:00:23.860000,0 days 01:46:25.189000,0 days 01:46:55.775000,0 days 01:47:19.635000,280.0,241.0,251.0,305.0,False,HARD,16.0,True,Red Bull Racing,0 days 01:45:55.111000,2024-07-21 13:53:48.724,1,4.0,False,,False,True,84.491
0 days 01:48:45.138000,VER,1,0 days 00:01:25.536000,38.0,2.0,,,0 days 00:00:30.267000,0 days 00:00:31.129000,0 days 00:00:24.140000,0 days 01:47:49.902000,0 days 01:48:21.031000,0 days 01:48:45.171000,271.0,242.0,247.0,306.0,False,HARD,17.0,True,Red Bull Racing,0 days 01:47:19.602000,2024-07-21 13:55:13.215,1,4.0,False,,False,True,85.536
0 days 01:50:09.813000,VER,1,0 days 00:01:24.675000,39.0,2.0,,,0 days 00:00:30.044000,0 days 00:00:30.705000,0 days 00:00:23.926000,0 days 01:49:15.215000,0 days 01:49:45.920000,0 days 01:50:09.846000,279.0,243.0,249.0,303.0,False,HARD,18.0,True,Red Bull Racing,0 days 01:48:45.138000,2024-07-21 13:56:38.751,1,4.0,False,,False,True,84.675
0 days 01:51:34.818000,VER,1,0 days 00:01:25.005000,40.0,2.0,,,0 days 00:00:30.104000,0 days 00:00:30.965000,0 days 00:00:23.936000,0 days 01:50:39.950000,0 days 01:51:10.915000,0 days 01:51:34.851000,,240.0,251.0,305.0,False,HARD,19.0,True,Red Bull Racing,0 days 01:50:09.813000,2024-07-21 13:58:03.426,1,3.0,False,,False,True,85.005
0 days 01:52:58.039000,VER,1,0 days 00:01:23.221000,41.0,2.0,,,0 days 00:00:29.701000,0 days 00:00:29.941000,0 days 00:00:23.579000,0 days 01:52:04.552000,0 days 01:52:34.493000,0 days 01:52:58.072000,276.0,242.0,245.0,302.0,False,HARD,20.0,True,Red Bull Racing,0 days 01:51:34.818000,2024-07-21 13:59:28.431,1,3.0,False,,False,True,83.221
0 days 01:54:21.431000,VER,1,0 days 00:01:23.392000,42.0,2.0,,,0 days 00:00:30.004000,0 days 00:00:29.817000,0 days 00:00:23.571000,0 days 01:53:28.076000,0 days 01:53:57.893000,0 days 01:54:21.464000,279.0,243.0,245.0,288.0,False,HARD,21.0,True,Red Bull Racing,0 days 01:52:58.039000,2024-07-21 14:00:51.652,1,3.0,False,,False,True,83.392
0 days 01:55:44.824000,VER,1,0 days 00:01:23.393000,43.0,2.0,,,0 days 00:00:29.984000,0 days 00:00:29.798000,0 days 00:00:23.611000,0 days 01:54:51.448000,0 days 01:55:21.246000,0 days 01:55:44.857000,280.0,242.0,246.0,289.0,False,HARD,22.0,True,Red Bull Racing,0 days 01:54:21.431000,2024-07-21 14:02:15.044,1,3.0,False,,False,True,83.393
0 days 01:57:08.541000,VER,1,0 days 00:01:23.717000,44.0,2.0,,,0 days 00:00:29.979000,0 days 00:00:29.940000,0 days 00:00:23.798000,0 days 01:56:14.836000,0 days 01:56:44.776000,0 days 01:57:08.574000,281.0,242.0,245.0,,False,HARD,23.0,True,Red Bull Racing,0 days 01:55:44.824000,2024-07-21 14:03:38.437,1,3.0,False,,False,True,83.717
0 days 01:58:32.368000,VER,1,0 days 00:01:23.827000,45.0,2.0,,,0 days 00:00:30.075000,0 days 00:00:29.965000,0 days 00:00:23.787000,0 days 01:57:38.649000,0 days 01:58:08.614000,0 days 01:58:32.401000,,244.0,245.0,290.0,False,HARD,24.0,True,Red Bull Racing,0 days 01:57:08.541000,2024-07-21 14:05:02.154,1,3.0,False,,False,True,83.827
0 days 01:59:56.371000,VER,1,0 days 00:01:24.003000,46.0,2.0,,,0 days 00:00:30.112000,0 days 00:00:30.079000,0 days 00:00:23.812000,0 days 01:59:02.513000,0 days 01:59:32.592000,0 days 01:59:56.404000,,244.0,246.0,,False,HARD,25.0,True,Red Bull Racing,0 days 01:58:32.368000,2024-07-21 14:06:25.981,1,2.0,False,,False,True,84.003
0 days 02:01:20.599000,VER,1,0 days 00:01:24.228000,47.0,2.0,,,0 days 00:00:30.193000,0 days 00:00:30.165000,0 days 00:00:23.870000,0 days 02:00:26.597000,0 days 02:00:56.762000,0 days 02:01:20.632000,282.0,244.0,247.0,,False,HARD,26.0,True,Red Bull Racing,0 days 01:59:56.371000,2024-07-21 14:07:49.984,1,2.0,False,,False,True,84.228
0 days 02:02:44.852000,VER,1,0 days 00:01:24.253000,48.0,2.0,,,0 days 00:00:30.111000,0 days 00:00:30.187000,0 days 00:00:23.955000,0 days 02:01:50.743000,0 days 02:02:20.930000,0 days 02:02:44.885000,280.0,244.0,246.0,,False,HARD,27.0,True,Red Bull Racing,0 days 02:01:20.599000,2024-07-21 14:09:14.212,1,1.0,False,,False,True,84.253
0 days 02:04:11.320000,VER,1,0 days 00:01:26.468000,49.0,2.0,,0 days 02:04:09.648000,0 days 00:00:30.114000,0 days 00:00:30.048000,0 days 00:00:26.306000,0 days 02:03:14.999000,0 days 02:03:45.047000,0 days 02:04:11.353000,,244.0,,289.0,False,HARD,28.0,True,Red Bull Racing,0 days 02:02:44.852000,2024-07-21 14:10:38.465,1,1.0,False,,False,False,86.468
0 days 02:05:50.610000,VER,1,0 days 00:01:39.290000,50.0,3.0,0 days 02:04:30.977000,,0 days 00:00:47.235000,0 days 00:00:29.193000,0 days 00:00:22.862000,0 days 02:04:58.588000,0 days 02:05:27.781000,0 days 02:05:50.643000,279.0,247.0,253.0,,False,MEDIUM,1.0,True,Red Bull Racing,0 days 02:04:11.320000,2024-07-21 14:12:04.933,1,5.0,False,,False,False,99.29
0 days 02:07:11.518000,VER,1,0 days 00:01:20.908000,51.0,3.0,,,0 days 00:00:29.034000,0 days 00:00:29,0 days 00:00:22.874000,0 days 02:06:19.677000,0 days 02:06:48.677000,0 days 02:07:11.551000,276.0,246.0,248.0,303.0,True,MEDIUM,2.0,True,Red Bull Racing,0 days 02:05:50.610000,2024-07-21 14:13:44.223,1,5.0,False,,False,True,80.908
0 days 02:08:32.689000,VER,1,0 days 00:01:21.171000,52.0,3.0,,,0 days 00:00:29.347000,0 days 00:00:28.844000,0 days 00:00:22.980000,0 days 02:07:40.898000,0 days 02:08:09.742000,0 days 02:08:32.722000,281.0,249.0,248.0,290.0,False,MEDIUM,3.0,True,Red Bull Racing,0 days 02:07:11.518000,2024-07-21 14:15:05.131,1,5.0,False,,False,True,81.171
0 days 02:09:54.781000,VER,1,0 days 00:01:22.092000,53.0,3.0,,,0 days 00:00:29.464000,0 days 00:00:29.166000,0 days 00:00:23.462000,0 days 02:09:02.186000,0 days 02:09:31.352000,0 days 02:09:54.814000,283.0,248.0,252.0,293.0,False,MEDIUM,4.0,True,Red Bull Racing,0 days 02:08:32.689000,2024-07-21 14:16:26.302,1,5.0,False,,False,True,82.092
0 days 02:11:17.073000,VER,1,0 days 00:01:22.292000,54.0,3.0,,,0 days 00:00:29.327000,0 days 00:00:29.602000,0 days 00:00:23.363000,0 days 02:10:24.141000,0 days 02:10:53.743000,0 days 02:11:17.106000,282.0,248.0,254.0,308.0,False,MEDIUM,5.0,True,Red Bull Racing,0 days 02:09:54.781000,2024-07-21 14:17:48.394,1,5.0,False,,False,True,82.292
0 days 02:12:40.060000,VER,1,0 days 00:01:22.987000,55.0,3.0,,,0 days 00:00:29.571000,0 days 00:00:29.880000,0 days 00:00:23.536000,0 days 02:11:46.677000,0 days 02:12:16.557000,0 days 02:12:40.093000,271.0,244.0,253.0,310.0,False,MEDIUM,6.0,True,Red Bull Racing,0 days 02:11:17.073000,2024-07-21 14:19:10.686,1,5.0,False,,False,True,82.987
0 days 02:14:02.834000,VER,1,0 days 00:01:22.774000,56.0,3.0,,,0 days 00:00:29.651000,0 days 00:00:29.604000,0 days 00:00:23.519000,0 days 02:13:09.744000,0 days 02:13:39.348000,0 days 02:14:02.867000,286.0,246.0,255.0,308.0,False,MEDIUM,7.0,True,Red Bull Racing,0 days 02:12:40.060000,2024-07-21 14:20:33.673,1,5.0,False,,False,True,82.774
0 days 02:15:25.460000,VER,1,0 days 00:01:22.626000,57.0,3.0,,,0 days 00:00:29.762000,0 days 00:00:29.367000,0 days 00:00:23.497000,0 days 02:14:32.629000,0 days 02:15:01.996000,0 days 02:15:25.493000,281.0,244.0,247.0,313.0,False,MEDIUM,8.0,True,Red Bull Racing,0 days 02:14:02.834000,2024-07-21 14:21:56.447,1,4.0,False,,False,True,82.626
0 days 02:16:47.655000,VER,1,0 days 00:01:22.195000,58.0,3.0,,,0 days 00:00:29.647000,0 days 00:00:29.147000,0 days 00:00:23.401000,0 days 02:15:55.140000,0 days 02:16:24.287000,0 days 02:16:47.688000,284.0,248.0,247.0,291.0,False,MEDIUM,9.0,True,Red Bull Racing,0 days 02:15:25.460000,2024-07-21 14:23:19.073,1,4.0,False,,False,True,82.195
0 days 02:18:09.523000,VER,1,0 days 00:01:21.868000,59.0,3.0,,,0 days 00:00:29.412000,0 days 00:00:29.110000,0 days 00:00:23.346000,0 days 02:17:17.100000,0 days 02:17:46.210000,0 days 02:18:09.556000,282.0,248.0,247.0,290.0,False,MEDIUM,10.0,True,Red Bull Racing,0 days 02:16:47.655000,2024-07-21 14:24:41.268,1,4.0,False,,False,True,81.868
0 days 02:19:32.006000,VER,1,0 days 00:01:22.483000,60.0,3.0,,,0 days 00:00:29.766000,0 days 00:00:29.266000,0 days 00:00:23.451000,0 days 02:18:39.322000,0 days 02:19:08.588000,0 days 02:19:32.039000,284.0,247.0,252.0,,False,MEDIUM,11.0,True,Red Bull Racing,0 days 02:18:09.523000,2024-07-21 14:26:03.136,1,4.0,False,,False,True,82.483
0 days 02:20:54.767000,VER,1,0 days 00:01:22.761000,61.0,3.0,,,0 days 00:00:29.250000,0 days 00:00:29.931000,0 days 00:00:23.580000,0 days 02:20:01.289000,0 days 02:20:31.220000,0 days 02:20:54.800000,285.0,249.0,255.0,305.0,False,MEDIUM,12.0,True,Red Bull Racing,0 days 02:19:32.006000,2024-07-21 14:27:25.619,1,4.0,False,,False,True,82.761
0 days 02:22:17.857000,VER,1,0 days 00:01:23.090000,62.0,3.0,,,0 days 00:00:29.698000,0 days 00:00:29.963000,0 days 00:00:23.429000,0 days 02:21:24.498000,0 days 02:21:54.461000,0 days 02:22:17.890000,280.0,247.0,256.0,307.0,False,MEDIUM,13.0,True,Red Bull Racing,0 days 02:20:54.767000,2024-07-21 14:28:48.380,1,4.0,False,,False,True,83.09
0 days 02:23:46.505000,VER,1,0 days 00:01:28.648000,63.0,3.0,,,0 days 00:00:34.717000,0 days 00:00:30.203000,0 days 00:00:23.728000,0 days 02:22:52.607000,0 days 02:23:22.810000,0 days 02:23:46.538000,273.0,243.0,242.0,309.0,False,MEDIUM,14.0,True,Red Bull Racing,0 days 02:22:17.857000,2024-07-21 14:30:11.470,12,5.0,False,,False,True,88.648
0 days 02:25:10.269000,VER,1,0 days 00:01:23.764000,64.0,3.0,,,0 days 00:00:30.183000,0 days 00:00:29.804000,0 days 00:00:23.777000,0 days 02:24:16.721000,0 days 02:24:46.525000,0 days 02:25:10.302000,283.0,244.0,248.0,289.0,False,MEDIUM,15.0,True,Red Bull Racing,0 days 02:23:46.505000,2024-07-21 14:31:40.118,1,5.0,False,,False,True,83.764
0 days 02:26:33.072000,VER,1,0 days 00:01:22.803000,65.0,3.0,,,0 days 00:00:29.696000,0 days 00:00:29.568000,0 days 00:00:23.539000,0 days 02:25:39.998000,0 days 02:26:09.566000,0 days 02:26:33.105000,,244.0,250.0,290.0,False,MEDIUM,16.0,True,Red Bull Racing,0 days 02:25:10.269000,2024-07-21 14:33:03.882,1,5.0,False,,False,True,82.803
0 days 02:27:56.073000,VER,1,0 days 00:01:23.001000,66.0,3.0,,,0 days 00:00:29.777000,0 days 00:00:29.725000,0 days 00:00:23.499000,0 days 02:27:02.882000,0 days 02:27:32.607000,0 days 02:27:56.106000,,243.0,253.0,292.0,False,MEDIUM,17.0,True,Red Bull Racing,0 days 02:26:33.072000,2024-07-21 14:34:26.685,1,5.0,True,TRACK LIMITS AT TURN 7 LAP 66 ,False,True,83.001
0 days 02:29:18.903000,VER,1,0 days 00:01:22.830000,67.0,3.0,,,0 days 00:00:29.501000,0 days 00:00:29.620000,0 days 00:00:23.709000,0 days 02:28:25.607000,0 days 02:28:55.227000,0 days 02:29:18.936000,281.0,245.0,247.0,309.0,False,MEDIUM,18.0,True,Red Bull Racing,0 days 02:27:56.073000,2024-07-21 14:35:49.686,1,5.0,False,,False,True,82.83
0 days 02:30:42.104000,VER,1,0 days 00:01:23.201000,68.0,3.0,,,0 days 00:00:29.935000,0 days 00:00:29.525000,0 days 00:00:23.741000,0 days 02:29:48.871000,0 days 02:30:18.396000,0 days 02:30:42.137000,,243.0,246.0,293.0,False,MEDIUM,19.0,True,Red Bull Racing,0 days 02:29:18.903000,2024-07-21 14:37:12.516,1,5.0,False,,False,True,83.201
0 days 02:32:05.287000,VER,1,0 days 00:01:23.183000,69.0,3.0,,,0 days 00:00:29.723000,0 days 00:00:29.539000,0 days 00:00:23.921000,0 days 02:31:11.860000,0 days 02:31:41.399000,0 days 02:32:05.320000,282.0,240.0,247.0,292.0,False,MEDIUM,20.0,True,Red Bull Racing,0 days 02:30:42.104000,2024-07-21 14:38:35.717,1,5.0,False,,False,True,83.183
0 days 02:33:28.540000,VER,1,0 days 00:01:23.253000,70.0,3.0,,,0 days 00:00:29.911000,0 days 00:00:29.604000,0 days 00:00:23.738000,0 days 02:32:35.231000,0 days 02:33:04.835000,0 days 02:33:28.573000,284.0,244.0,247.0,,False,MEDIUM,21.0,True,Red Bull Racing,0 days 02:32:05.287000,2024-07-21 14:39:58.900,1,5.0,False,,False,True,83.253
0 days 00:56:37.569000,SAI,55,0 days 00:01:32.367000,1.0,1.0,,,,0 days 00:00:32.371000,0 days 00:00:24.181000,,0 days 00:56:13.502000,0 days 00:56:37.739000,250.0,233.0,247.0,255.0,False,MEDIUM,1.0,True,Ferrari,0 days 00:55:04.938000,2024-07-21 13:02:58.551,1,7.0,False,,False,False,92.367
0 days 00:58:03.607000,SAI,55,0 days 00:01:26.038000,2.0,1.0,,,0 days 00:00:30.593000,0 days 00:00:31.559000,0 days 00:00:23.886000,0 days 00:57:08.190000,0 days 00:57:39.749000,0 days 00:58:03.635000,270.0,231.0,248.0,293.0,True,MEDIUM,2.0,True,Ferrari,0 days 00:56:37.569000,2024-07-21 13:04:31.182,1,7.0,False,,False,True,86.038
0 days 00:59:28.478000,SAI,55,0 days 00:01:24.871000,3.0,1.0,,,0 days 00:00:30.216000,0 days 00:00:30.932000,0 days 00:00:23.723000,0 days 00:58:33.851000,0 days 00:59:04.783000,0 days 00:59:28.506000,265.0,234.0,243.0,304.0,True,MEDIUM,3.0,True,Ferrari,0 days 00:58:03.607000,2024-07-21 13:05:57.220,1,6.0,False,,False,True,84.871
0 days 01:00:53.521000,SAI,55,0 days 00:01:25.043000,4.0,1.0,,,0 days 00:00:30.385000,0 days 00:00:30.986000,0 days 00:00:23.672000,0 days 00:59:58.891000,0 days 01:00:29.877000,0 days 01:00:53.549000,274.0,232.0,244.0,289.0,False,MEDIUM,4.0,True,Ferrari,0 days 00:59:28.478000,2024-07-21 13:07:22.091,1,6.0,False,,False,True,85.043
0 days 01:02:18.041000,SAI,55,0 days 00:01:24.520000,5.0,1.0,,,0 days 00:00:30.293000,0 days 00:00:30.621000,0 days 00:00:23.606000,0 days 01:01:23.842000,0 days 01:01:54.463000,0 days 01:02:18.069000,275.0,233.0,245.0,,True,MEDIUM,5.0,True,Ferrari,0 days 01:00:53.521000,2024-07-21 13:08:47.134,1,6.0,False,,False,True,84.52
0 days 01:03:42.567000,SAI,55,0 days 00:01:24.526000,6.0,1.0,,,0 days 00:00:30.226000,0 days 00:00:30.653000,0 days 00:00:23.647000,0 days 01:02:48.295000,0 days 01:03:18.948000,0 days 01:03:42.595000,279.0,232.0,245.0,,False,MEDIUM,6.0,True,Ferrari,0 days 01:02:18.041000,2024-07-21 13:10:11.654,1,6.0,False,,False,True,84.526
0 days 01:05:06.616000,SAI,55,0 days 00:01:24.049000,7.0,1.0,,,0 days 00:00:30.160000,0 days 00:00:30.260000,0 days 00:00:23.629000,0 days 01:04:12.755000,0 days 01:04:43.015000,0 days 01:05:06.644000,,233.0,242.0,,True,MEDIUM,7.0,True,Ferrari,0 days 01:03:42.567000,2024-07-21 13:11:36.180,1,6.0,False,,False,True,84.049
0 days 01:06:31.024000,SAI,55,0 days 00:01:24.408000,8.0,1.0,,,0 days 00:00:30.304000,0 days 00:00:30.381000,0 days 00:00:23.723000,0 days 01:05:36.948000,0 days 01:06:07.329000,0 days 01:06:31.052000,277.0,235.0,245.0,288.0,False,MEDIUM,8.0,True,Ferrari,0 days 01:05:06.616000,2024-07-21 13:13:00.229,1,6.0,False,,False,True,84.408
0 days 01:07:55.314000,SAI,55,0 days 00:01:24.290000,9.0,1.0,,,0 days 00:00:30.226000,0 days 00:00:30.409000,0 days 00:00:23.655000,0 days 01:07:01.278000,0 days 01:07:31.687000,0 days 01:07:55.342000,278.0,234.0,244.0,,False,MEDIUM,9.0,True,Ferrari,0 days 01:06:31.024000,2024-07-21 13:14:24.637,1,6.0,False,,False,True,84.29
0 days 01:09:19.920000,SAI,55,0 days 00:01:24.606000,10.0,1.0,,,0 days 00:00:30.437000,0 days 00:00:30.296000,0 days 00:00:23.873000,0 days 01:08:25.779000,0 days 01:08:56.075000,0 days 01:09:19.948000,276.0,236.0,244.0,,False,MEDIUM,10.0,True,Ferrari,0 days 01:07:55.314000,2024-07-21 13:15:48.927,1,6.0,False,,False,True,84.606
0 days 01:10:44.583000,SAI,55,0 days 00:01:24.663000,11.0,1.0,,,0 days 00:00:30.295000,0 days 00:00:30.560000,0 days 00:00:23.808000,0 days 01:09:50.243000,0 days 01:10:20.803000,0 days 01:10:44.611000,280.0,234.0,246.0,,False,MEDIUM,11.0,True,Ferrari,0 days 01:09:19.920000,2024-07-21 13:17:13.533,1,6.0,False,,False,True,84.663
0 days 01:12:09.138000,SAI,55,0 days 00:01:24.555000,12.0,1.0,,,0 days 00:00:30.321000,0 days 00:00:30.296000,0 days 00:00:23.938000,0 days 01:11:14.932000,0 days 01:11:45.228000,0 days 01:12:09.166000,279.0,233.0,241.0,290.0,False,MEDIUM,12.0,True,Ferrari,0 days 01:10:44.583000,2024-07-21 13:18:38.196,1,6.0,False,,False,True,84.555
0 days 01:13:34.127000,SAI,55,0 days 00:01:24.989000,13.0,1.0,,,0 days 00:00:30.395000,0 days 00:00:30.487000,0 days 00:00:24.107000,0 days 01:12:39.561000,0 days 01:13:10.048000,0 days 01:13:34.155000,280.0,235.0,243.0,288.0,False,MEDIUM,13.0,True,Ferrari,0 days 01:12:09.138000,2024-07-21 13:20:02.751,1,6.0,False,,False,True,84.989
0 days 01:14:59.054000,SAI,55,0 days 00:01:24.927000,14.0,1.0,,,0 days 00:00:30.375000,0 days 00:00:30.452000,0 days 00:00:24.100000,0 days 01:14:04.530000,0 days 01:14:34.982000,0 days 01:14:59.082000,,231.0,241.0,289.0,False,MEDIUM,14.0,True,Ferrari,0 days 01:13:34.127000,2024-07-21 13:21:27.740,1,6.0,False,,False,True,84.927
0 days 01:16:23.873000,SAI,55,0 days 00:01:24.819000,15.0,1.0,,,0 days 00:00:30.302000,0 days 00:00:30.483000,0 days 00:00:24.034000,0 days 01:15:29.384000,0 days 01:15:59.867000,0 days 01:16:23.901000,279.0,235.0,243.0,288.0,False,MEDIUM,15.0,True,Ferrari,0 days 01:14:59.054000,2024-07-21 13:22:52.667,1,6.0,False,,False,True,84.819
0 days 01:17:48.752000,SAI,55,0 days 00:01:24.879000,16.0,1.0,,,0 days 00:00:30.312000,0 days 00:00:30.510000,0 days 00:00:24.057000,0 days 01:16:54.213000,0 days 01:17:24.723000,0 days 01:17:48.780000,,234.0,244.0,,False,MEDIUM,16.0,True,Ferrari,0 days 01:16:23.873000,2024-07-21 13:24:17.486,1,6.0,False,,False,True,84.879
0 days 01:19:13.772000,SAI,55,0 days 00:01:25.020000,17.0,1.0,,,0 days 00:00:30.401000,0 days 00:00:30.453000,0 days 00:00:24.166000,0 days 01:18:19.181000,0 days 01:18:49.634000,0 days 01:19:13.800000,278.0,235.0,241.0,,False,MEDIUM,17.0,True,Ferrari,0 days 01:17:48.752000,2024-07-21 13:25:42.365,1,5.0,False,,False,True,85.02
0 days 01:20:38.623000,SAI,55,0 days 00:01:24.851000,18.0,1.0,,,0 days 00:00:30.394000,0 days 00:00:30.390000,0 days 00:00:24.067000,0 days 01:19:44.194000,0 days 01:20:14.584000,0 days 01:20:38.651000,279.0,237.0,243.0,286.0,False,MEDIUM,18.0,True,Ferrari,0 days 01:19:13.772000,2024-07-21 13:27:07.385,1,4.0,False,,False,True,84.851
0 days 01:22:03.396000,SAI,55,0 days 00:01:24.773000,19.0,1.0,,,0 days 00:00:30.473000,0 days 00:00:30.370000,0 days 00:00:23.930000,0 days 01:21:09.124000,0 days 01:21:39.494000,0 days 01:22:03.424000,280.0,237.0,243.0,,False,MEDIUM,19.0,True,Ferrari,0 days 01:20:38.623000,2024-07-21 13:28:32.236,1,3.0,False,,False,True,84.773
0 days 01:23:28.183000,SAI,55,0 days 00:01:24.787000,20.0,1.0,,,0 days 00:00:30.374000,0 days 00:00:30.185000,0 days 00:00:24.228000,0 days 01:22:33.798000,0 days 01:23:03.983000,0 days 01:23:28.211000,278.0,236.0,242.0,287.0,False,MEDIUM,20.0,True,Ferrari,0 days 01:22:03.396000,2024-07-21 13:29:57.009,1,3.0,False,,False,True,84.787
0 days 01:24:55.507000,SAI,55,0 days 00:01:27.324000,21.0,1.0,,0 days 01:24:53.849000,0 days 00:00:30.495000,0 days 00:00:30.433000,0 days 00:00:26.396000,0 days 01:23:58.706000,0 days 01:24:29.139000,0 days 01:24:55.535000,,238.0,,288.0,False,MEDIUM,21.0,True,Ferrari,0 days 01:23:28.183000,2024-07-21 13:31:21.796,1,4.0,False,,False,False,87.324
0 days 01:26:37.671000,SAI,55,0 days 00:01:42.164000,22.0,2.0,0 days 01:25:15.394000,,0 days 00:00:48.593000,0 days 00:00:29.821000,0 days 00:00:23.750000,0 days 01:25:44.128000,0 days 01:26:13.949000,0 days 01:26:37.699000,277.0,236.0,245.0,,False,HARD,1.0,True,Ferrari,0 days 01:24:55.507000,2024-07-21 13:32:49.120,1,9.0,False,,False,False,102.164
0 days 01:28:01.675000,SAI,55,0 days 00:01:24.004000,23.0,2.0,,,0 days 00:00:30.074000,0 days 00:00:30.017000,0 days 00:00:23.913000,0 days 01:27:07.773000,0 days 01:27:37.790000,0 days 01:28:01.703000,282.0,237.0,250.0,290.0,True,HARD,2.0,True,Ferrari,0 days 01:26:37.671000,2024-07-21 13:34:31.284,1,9.0,False,,False,True,84.004
0 days 01:29:25.388000,SAI,55,0 days 00:01:23.713000,24.0,2.0,,,0 days 00:00:30.038000,0 days 00:00:29.964000,0 days 00:00:23.711000,0 days 01:28:31.741000,0 days 01:29:01.705000,0 days 01:29:25.416000,281.0,239.0,254.0,308.0,True,HARD,3.0,True,Ferrari,0 days 01:28:01.675000,2024-07-21 13:35:55.288,1,8.0,False,,False,True,83.713
0 days 01:30:50,SAI,55,0 days 00:01:24.612000,25.0,2.0,,,0 days 00:00:30.077000,0 days 00:00:30.593000,0 days 00:00:23.942000,0 days 01:29:55.493000,0 days 01:30:26.086000,0 days 01:30:50.028000,279.0,235.0,250.0,309.0,False,HARD,4.0,True,Ferrari,0 days 01:29:25.388000,2024-07-21 13:37:19.001,1,7.0,False,,False,True,84.612
0 days 01:32:13.925000,SAI,55,0 days 00:01:23.925000,26.0,2.0,,,0 days 00:00:30.466000,0 days 00:00:29.944000,0 days 00:00:23.515000,0 days 01:31:20.494000,0 days 01:31:50.438000,0 days 01:32:13.953000,276.0,238.0,245.0,305.0,False,HARD,5.0,True,Ferrari,0 days 01:30:50,2024-07-21 13:38:43.613,1,6.0,False,,False,True,83.925
0 days 01:33:37.151000,SAI,55,0 days 00:01:23.226000,27.0,2.0,,,0 days 00:00:29.998000,0 days 00:00:29.751000,0 days 00:00:23.477000,0 days 01:32:43.951000,0 days 01:33:13.702000,0 days 01:33:37.179000,278.0,238.0,245.0,288.0,True,HARD,6.0,True,Ferrari,0 days 01:32:13.925000,2024-07-21 13:40:07.538,1,6.0,False,,False,True,83.226
0 days 01:35:00.059000,SAI,55,0 days 00:01:22.908000,28.0,2.0,,,0 days 00:00:29.938000,0 days 00:00:29.574000,0 days 00:00:23.396000,0 days 01:34:07.117000,0 days 01:34:36.691000,0 days 01:35:00.087000,,241.0,246.0,,True,HARD,7.0,True,Ferrari,0 days 01:33:37.151000,2024-07-21 13:41:30.764,1,6.0,False,,False,True,82.908
0 days 01:36:22.977000,SAI,55,0 days 00:01:22.918000,29.0,2.0,,,0 days 00:00:29.915000,0 days 00:00:29.563000,0 days 00:00:23.440000,0 days 01:35:30.002000,0 days 01:35:59.565000,0 days 01:36:23.005000,277.0,242.0,245.0,,False,HARD,8.0,True,Ferrari,0 days 01:35:00.059000,2024-07-21 13:42:53.672,1,6.0,False,,False,True,82.918
0 days 01:37:45.994000,SAI,55,0 days 00:01:23.017000,30.0,2.0,,,0 days 00:00:29.862000,0 days 00:00:29.447000,0 days 00:00:23.708000,0 days 01:36:52.867000,0 days 01:37:22.314000,0 days 01:37:46.022000,278.0,239.0,244.0,289.0,False,HARD,9.0,True,Ferrari,0 days 01:36:22.977000,2024-07-21 13:44:16.590,1,6.0,False,,False,True,83.017
0 days 01:39:08.924000,SAI,55,0 days 00:01:22.930000,31.0,2.0,,,0 days 00:00:29.964000,0 days 00:00:29.431000,0 days 00:00:23.535000,0 days 01:38:15.986000,0 days 01:38:45.417000,0 days 01:39:08.952000,277.0,241.0,246.0,288.0,False,HARD,10.0,True,Ferrari,0 days 01:37:45.994000,2024-07-21 13:45:39.607,1,6.0,False,,False,True,82.93
0 days 01:40:31.972000,SAI,55,0 days 00:01:23.048000,32.0,2.0,,,0 days 00:00:29.885000,0 days 00:00:29.620000,0 days 00:00:23.543000,0 days 01:39:38.837000,0 days 01:40:08.457000,0 days 01:40:32,279.0,242.0,246.0,289.0,False,HARD,11.0,True,Ferrari,0 days 01:39:08.924000,2024-07-21 13:47:02.537,1,6.0,False,,False,True,83.048
0 days 01:41:55.241000,SAI,55,0 days 00:01:23.269000,33.0,2.0,,,0 days 00:00:30.008000,0 days 00:00:29.606000,0 days 00:00:23.655000,0 days 01:41:02.008000,0 days 01:41:31.614000,0 days 01:41:55.269000,278.0,238.0,244.0,,False,HARD,12.0,True,Ferrari,0 days 01:40:31.972000,2024-07-21 13:48:25.585,1,6.0,False,,False,True,83.269
0 days 01:43:18.730000,SAI,55,0 days 00:01:23.489000,34.0,2.0,,,0 days 00:00:30.027000,0 days 00:00:29.761000,0 days 00:00:23.701000,0 days 01:42:25.296000,0 days 01:42:55.057000,0 days 01:43:18.758000,281.0,238.0,244.0,,False,HARD,13.0,True,Ferrari,0 days 01:41:55.241000,2024-07-21 13:49:48.854,1,6.0,False,,False,True,83.489
0 days 01:44:42.499000,SAI,55,0 days 00:01:23.769000,35.0,2.0,,,0 days 00:00:30.087000,0 days 00:00:29.875000,0 days 00:00:23.807000,0 days 01:43:48.845000,0 days 01:44:18.720000,0 days 01:44:42.527000,280.0,240.0,246.0,,False,HARD,14.0,True,Ferrari,0 days 01:43:18.730000,2024-07-21 13:51:12.343,1,6.0,False,,False,True,83.769
0 days 01:46:06.278000,SAI,55,0 days 00:01:23.779000,36.0,2.0,,,0 days 00:00:30.136000,0 days 00:00:29.798000,0 days 00:00:23.845000,0 days 01:45:12.663000,0 days 01:45:42.461000,0 days 01:46:06.306000,278.0,241.0,245.0,,False,HARD,15.0,True,Ferrari,0 days 01:44:42.499000,2024-07-21 13:52:36.112,1,6.0,False,,False,True,83.779
0 days 01:47:30.259000,SAI,55,0 days 00:01:23.981000,37.0,2.0,,,0 days 00:00:30.157000,0 days 00:00:29.927000,0 days 00:00:23.897000,0 days 01:46:36.463000,0 days 01:47:06.390000,0 days 01:47:30.287000,,241.0,243.0,,False,HARD,16.0,True,Ferrari,0 days 01:46:06.278000,2024-07-21 13:53:59.891,1,6.0,False,,False,True,83.981
0 days 01:48:53.954000,SAI,55,0 days 00:01:23.695000,38.0,2.0,,,0 days 00:00:30.202000,0 days 00:00:29.770000,0 days 00:00:23.723000,0 days 01:48:00.489000,0 days 01:48:30.259000,0 days 01:48:53.982000,279.0,241.0,244.0,,False,HARD,17.0,True,Ferrari,0 days 01:47:30.259000,2024-07-21 13:55:23.872,1,6.0,False,,False,True,83.695
0 days 01:50:17.511000,SAI,55,0 days 00:01:23.557000,39.0,2.0,,,0 days 00:00:30.148000,0 days 00:00:29.762000,0 days 00:00:23.647000,0 days 01:49:24.130000,0 days 01:49:53.892000,0 days 01:50:17.539000,282.0,244.0,246.0,,False,HARD,18.0,True,Ferrari,0 days 01:48:53.954000,2024-07-21 13:56:47.567,1,6.0,False,,False,True,83.557
0 days 01:51:41.581000,SAI,55,0 days 00:01:24.070000,40.0,2.0,,,0 days 00:00:30.262000,0 days 00:00:29.960000,0 days 00:00:23.848000,0 days 01:50:47.801000,0 days 01:51:17.761000,0 days 01:51:41.609000,279.0,240.0,244.0,290.0,False,HARD,19.0,True,Ferrari,0 days 01:50:17.511000,2024-07-21 13:58:11.124,1,6.0,False,,False,True,84.07
0 days 01:53:05.457000,SAI,55,0 days 00:01:23.876000,41.0,2.0,,,0 days 00:00:30.246000,0 days 00:00:29.964000,0 days 00:00:23.666000,0 days 01:52:11.855000,0 days 01:52:41.819000,0 days 01:53:05.485000,278.0,241.0,244.0,289.0,False,HARD,20.0,True,Ferrari,0 days 01:51:41.581000,2024-07-21 13:59:35.194,1,4.0,False,,False,True,83.876
0 days 01:54:29.111000,SAI,55,0 days 00:01:23.654000,42.0,2.0,,,0 days 00:00:30.105000,0 days 00:00:29.829000,0 days 00:00:23.720000,0 days 01:53:35.590000,0 days 01:54:05.419000,0 days 01:54:29.139000,281.0,241.0,244.0,,False,HARD,21.0,True,Ferrari,0 days 01:53:05.457000,2024-07-21 14:00:59.070,1,4.0,False,,False,True,83.654
0 days 01:55:52.985000,SAI,55,0 days 00:01:23.874000,43.0,2.0,,,0 days 00:00:30.177000,0 days 00:00:29.949000,0 days 00:00:23.748000,0 days 01:54:59.316000,0 days 01:55:29.265000,0 days 01:55:53.013000,280.0,240.0,246.0,,False,HARD,22.0,True,Ferrari,0 days 01:54:29.111000,2024-07-21 14:02:22.724,1,4.0,False,,False,True,83.874
0 days 01:57:17.078000,SAI,55,0 days 00:01:24.093000,44.0,2.0,,,0 days 00:00:30.172000,0 days 00:00:30.058000,0 days 00:00:23.863000,0 days 01:56:23.185000,0 days 01:56:53.243000,0 days 01:57:17.106000,279.0,238.0,243.0,,False,HARD,23.0,True,Ferrari,0 days 01:55:52.985000,2024-07-21 14:03:46.598,1,4.0,False,,False,True,84.093
0 days 01:58:41.194000,SAI,55,0 days 00:01:24.116000,45.0,2.0,,,0 days 00:00:30.345000,0 days 00:00:29.882000,0 days 00:00:23.889000,0 days 01:57:47.451000,0 days 01:58:17.333000,0 days 01:58:41.222000,278.0,240.0,244.0,,False,HARD,24.0,True,Ferrari,0 days 01:57:17.078000,2024-07-21 14:05:10.691,1,4.0,False,,False,True,84.116
0 days 02:00:05.272000,SAI,55,0 days 00:01:24.078000,46.0,2.0,,,0 days 00:00:30.252000,0 days 00:00:29.966000,0 days 00:00:23.860000,0 days 01:59:11.474000,0 days 01:59:41.440000,0 days 02:00:05.300000,281.0,240.0,247.0,290.0,False,HARD,25.0,True,Ferrari,0 days 01:58:41.194000,2024-07-21 14:06:34.807,1,3.0,False,,False,True,84.078
0 days 02:01:32.487000,SAI,55,0 days 00:01:27.215000,47.0,2.0,,0 days 02:01:30.819000,0 days 00:00:30.337000,0 days 00:00:30.258000,0 days 00:00:26.620000,0 days 02:00:35.637000,0 days 02:01:05.895000,0 days 02:01:32.515000,282.0,241.0,,,False,HARD,26.0,True,Ferrari,0 days 02:00:05.272000,2024-07-21 14:07:58.885,1,4.0,False,,False,False,87.215
0 days 02:03:12.851000,SAI,55,0 days 00:01:40.364000,48.0,3.0,0 days 02:01:52.306000,,0 days 00:00:47.953000,0 days 00:00:29.301000,0 days 00:00:23.110000,0 days 02:02:20.468000,0 days 02:02:49.769000,0 days 02:03:12.879000,277.0,241.0,249.0,,False,MEDIUM,1.0,True,Ferrari,0 days 02:01:32.487000,2024-07-21 14:09:26.100,1,6.0,False,,False,False,100.364
0 days 02:04:34.948000,SAI,55,0 days 00:01:22.097000,49.0,3.0,,,0 days 00:00:29.699000,0 days 00:00:29.313000,0 days 00:00:23.085000,0 days 02:03:42.578000,0 days 02:04:11.891000,0 days 02:04:34.976000,276.0,242.0,248.0,289.0,True,MEDIUM,2.0,True,Ferrari,0 days 02:03:12.851000,2024-07-21 14:11:06.464,1,6.0,False,,False,True,82.097
0 days 02:05:56.505000,SAI,55,0 days 00:01:21.557000,50.0,3.0,,,0 days 00:00:29.439000,0 days 00:00:29.019000,0 days 00:00:23.099000,0 days 02:05:04.415000,0 days 02:05:33.434000,0 days 02:05:56.533000,279.0,244.0,247.0,,True,MEDIUM,3.0,True,Ferrari,0 days 02:04:34.948000,2024-07-21 14:12:28.561,1,6.0,False,,False,True,81.557
0 days 02:07:18.375000,SAI,55,0 days 00:01:21.870000,51.0,3.0,,,0 days 00:00:29.588000,0 days 00:00:29.175000,0 days 00:00:23.107000,0 days 02:06:26.121000,0 days 02:06:55.296000,0 days 02:07:18.403000,,242.0,248.0,290.0,False,MEDIUM,4.0,True,Ferrari,0 days 02:05:56.505000,2024-07-21 14:13:50.118,1,6.0,False,,False,True,81.87
0 days 02:08:40.562000,SAI,55,0 days 00:01:22.187000,52.0,3.0,,,0 days 00:00:29.555000,0 days 00:00:29.373000,0 days 00:00:23.259000,0 days 02:07:47.958000,0 days 02:08:17.331000,0 days 02:08:40.590000,281.0,243.0,247.0,293.0,False,MEDIUM,5.0,True,Ferrari,0 days 02:07:18.375000,2024-07-21 14:15:11.988,1,6.0,False,,False,True,82.187
0 days 02:10:02.003000,SAI,55,0 days 00:01:21.441000,53.0,3.0,,,0 days 00:00:29.550000,0 days 00:00:28.907000,0 days 00:00:22.984000,0 days 02:09:10.140000,0 days 02:09:39.047000,0 days 02:10:02.031000,,244.0,248.0,291.0,True,MEDIUM,6.0,True,Ferrari,0 days 02:08:40.562000,2024-07-21 14:16:34.175,1,6.0,False,,False,True,81.441
0 days 02:11:23.494000,SAI,55,0 days 00:01:21.491000,54.0,3.0,,,0 days 00:00:29.532000,0 days 00:00:28.844000,0 days 00:00:23.115000,0 days 02:10:31.563000,0 days 02:11:00.407000,0 days 02:11:23.522000,279.0,245.0,247.0,293.0,False,MEDIUM,7.0,True,Ferrari,0 days 02:10:02.003000,2024-07-21 14:17:55.616,1,6.0,False,,False,True,81.491
0 days 02:12:45.242000,SAI,55,0 days 00:01:21.748000,55.0,3.0,,,0 days 00:00:29.582000,0 days 00:00:28.843000,0 days 00:00:23.323000,0 days 02:11:53.104000,0 days 02:12:21.947000,0 days 02:12:45.270000,284.0,245.0,248.0,292.0,False,MEDIUM,8.0,True,Ferrari,0 days 02:11:23.494000,2024-07-21 14:19:17.107,1,6.0,False,,False,True,81.748
0 days 02:14:07.476000,SAI,55,0 days 00:01:22.234000,56.0,3.0,,,0 days 00:00:29.722000,0 days 00:00:29.122000,0 days 00:00:23.390000,0 days 02:13:14.992000,0 days 02:13:44.114000,0 days 02:14:07.504000,281.0,244.0,247.0,291.0,False,MEDIUM,9.0,True,Ferrari,0 days 02:12:45.242000,2024-07-21 14:20:38.855,1,6.0,False,,False,True,82.234
0 days 02:15:29.933000,SAI,55,0 days 00:01:22.457000,57.0,3.0,,,0 days 00:00:29.829000,0 days 00:00:29.129000,0 days 00:00:23.499000,0 days 02:14:37.333000,0 days 02:15:06.462000,0 days 02:15:29.961000,280.0,245.0,247.0,293.0,False,MEDIUM,10.0,True,Ferrari,0 days 02:14:07.476000,2024-07-21 14:22:01.089,1,6.0,False,,False,True,82.457
0 days 02:16:53.543000,SAI,55,0 days 00:01:23.610000,58.0,3.0,,,0 days 00:00:29.972000,0 days 00:00:29.847000,0 days 00:00:23.791000,0 days 02:15:59.933000,0 days 02:16:29.780000,0 days 02:16:53.571000,284.0,240.0,250.0,295.0,False,MEDIUM,11.0,True,Ferrari,0 days 02:15:29.933000,2024-07-21 14:23:23.546,1,6.0,False,,False,True,83.61
0 days 02:18:15.824000,SAI,55,0 days 00:01:22.281000,59.0,3.0,,,0 days 00:00:29.624000,0 days 00:00:29.262000,0 days 00:00:23.395000,0 days 02:17:23.195000,0 days 02:17:52.457000,0 days 02:18:15.852000,281.0,244.0,248.0,304.0,False,MEDIUM,12.0,True,Ferrari,0 days 02:16:53.543000,2024-07-21 14:24:47.156,1,6.0,False,,False,True,82.281
0 days 02:19:38.319000,SAI,55,0 days 00:01:22.495000,60.0,3.0,,,0 days 00:00:29.754000,0 days 00:00:29.272000,0 days 00:00:23.469000,0 days 02:18:45.606000,0 days 02:19:14.878000,0 days 02:19:38.347000,,246.0,248.0,291.0,False,MEDIUM,13.0,True,Ferrari,0 days 02:18:15.824000,2024-07-21 14:26:09.437,1,6.0,False,,False,True,82.495
0 days 02:21:01.043000,SAI,55,0 days 00:01:22.724000,61.0,3.0,,,0 days 00:00:29.751000,0 days 00:00:29.392000,0 days 00:00:23.581000,0 days 02:20:08.098000,0 days 02:20:37.490000,0 days 02:21:01.071000,284.0,246.0,248.0,292.0,False,MEDIUM,14.0,True,Ferrari,0 days 02:19:38.319000,2024-07-21 14:27:31.932,1,6.0,False,,False,True,82.724
0 days 02:22:23.912000,SAI,55,0 days 00:01:22.869000,62.0,3.0,,,0 days 00:00:29.814000,0 days 00:00:29.339000,0 days 00:00:23.716000,0 days 02:21:30.885000,0 days 02:22:00.224000,0 days 02:22:23.940000,283.0,246.0,251.0,,False,MEDIUM,15.0,True,Ferrari,0 days 02:21:01.043000,2024-07-21 14:28:54.656,1,6.0,False,,False,True,82.869
0 days 02:23:47.319000,SAI,55,0 days 00:01:23.407000,63.0,3.0,,,0 days 00:00:30.037000,0 days 00:00:29.748000,0 days 00:00:23.622000,0 days 02:22:53.977000,0 days 02:23:23.725000,0 days 02:23:47.347000,,245.0,248.0,310.0,False,MEDIUM,16.0,True,Ferrari,0 days 02:22:23.912000,2024-07-21 14:30:17.525,12,6.0,False,,False,True,83.407
0 days 02:25:10.998000,SAI,55,0 days 00:01:23.679000,64.0,3.0,,,0 days 00:00:30.136000,0 days 00:00:29.831000,0 days 00:00:23.712000,0 days 02:24:17.483000,0 days 02:24:47.314000,0 days 02:25:11.026000,287.0,241.0,253.0,293.0,False,MEDIUM,17.0,True,Ferrari,0 days 02:23:47.319000,2024-07-21 14:31:40.932,1,6.0,False,,False,True,83.679
0 days 02:26:34.390000,SAI,55,0 days 00:01:23.392000,65.0,3.0,,,0 days 00:00:29.847000,0 days 00:00:29.759000,0 days 00:00:23.786000,0 days 02:25:40.873000,0 days 02:26:10.632000,0 days 02:26:34.418000,284.0,244.0,249.0,307.0,False,MEDIUM,18.0,True,Ferrari,0 days 02:25:10.998000,2024-07-21 14:33:04.611,1,6.0,False,,False,True,83.392
0 days 02:27:57.655000,SAI,55,0 days 00:01:23.265000,66.0,3.0,,,0 days 00:00:29.889000,0 days 00:00:29.669000,0 days 00:00:23.707000,0 days 02:27:04.307000,0 days 02:27:33.976000,0 days 02:27:57.683000,,243.0,247.0,294.0,False,MEDIUM,19.0,True,Ferrari,0 days 02:26:34.390000,2024-07-21 14:34:28.003,1,6.0,False,,False,True,83.265
0 days 02:29:20.750000,SAI,55,0 days 00:01:23.095000,67.0,3.0,,,0 days 00:00:30.027000,0 days 00:00:29.516000,0 days 00:00:23.552000,0 days 02:28:27.710000,0 days 02:28:57.226000,0 days 02:29:20.778000,,246.0,249.0,,False,MEDIUM,20.0,True,Ferrari,0 days 02:27:57.655000,2024-07-21 14:35:51.268,1,6.0,False,,False,True,83.095
0 days 02:30:43.852000,SAI,55,0 days 00:01:23.102000,68.0,3.0,,,0 days 00:00:30.025000,0 days 00:00:29.453000,0 days 00:00:23.624000,0 days 02:29:50.803000,0 days 02:30:20.256000,0 days 02:30:43.880000,,246.0,249.0,,False,MEDIUM,21.0,True,Ferrari,0 days 02:29:20.750000,2024-07-21 14:37:14.363,1,6.0,False,,False,True,83.102
0 days 02:32:06.928000,SAI,55,0 days 00:01:23.076000,69.0,3.0,,,0 days 00:00:29.996000,0 days 00:00:29.375000,0 days 00:00:23.705000,0 days 02:31:13.876000,0 days 02:31:43.251000,0 days 02:32:06.956000,,240.0,248.0,295.0,False,MEDIUM,22.0,True,Ferrari,0 days 02:30:43.852000,2024-07-21 14:38:37.465,1,6.0,False,,False,True,83.076
0 days 02:33:30.264000,SAI,55,0 days 00:01:23.336000,70.0,3.0,,,0 days 00:00:29.850000,0 days 00:00:29.560000,0 days 00:00:23.926000,0 days 02:32:36.806000,0 days 02:33:06.366000,0 days 02:33:30.292000,286.0,247.0,245.0,294.0,False,MEDIUM,23.0,True,Ferrari,0 days 02:32:06.928000,2024-07-21 14:40:00.541,1,6.0,False,,False,True,83.336
0 days 00:56:42.643000,PER,11,0 days 00:01:37.441000,1.0,1.0,,,,0 days 00:00:34.717000,0 days 00:00:24.738000,,0 days 00:56:17.942000,0 days 00:56:42.825000,241.0,228.0,246.0,273.0,False,HARD,1.0,True,Red Bull Racing,0 days 00:55:04.938000,2024-07-21 13:02:58.551,1,17.0,False,,False,False,97.441
0 days 00:58:10.015000,PER,11,0 days 00:01:27.372000,2.0,1.0,,,0 days 00:00:31.057000,0 days 00:00:31.981000,0 days 00:00:24.334000,0 days 00:57:13.723000,0 days 00:57:45.704000,0 days 00:58:10.038000,259.0,229.0,251.0,292.0,True,HARD,2.0,True,Red Bull Racing,0 days 00:56:42.643000,2024-07-21 13:04:36.256,1,18.0,False,,False,True,87.372
0 days 00:59:36.066000,PER,11,0 days 00:01:26.051000,3.0,1.0,,,0 days 00:00:30.492000,0 days 00:00:31.299000,0 days 00:00:24.260000,0 days 00:58:40.530000,0 days 00:59:11.829000,0 days 00:59:36.089000,266.0,234.0,249.0,311.0,True,HARD,3.0,True,Red Bull Racing,0 days 00:58:10.015000,2024-07-21 13:06:03.628,1,17.0,False,,False,True,86.051
0 days 01:01:02.430000,PER,11,0 days 00:01:26.364000,4.0,1.0,,,0 days 00:00:30.311000,0 days 00:00:31.752000,0 days 00:00:24.301000,0 days 01:00:06.400000,0 days 01:00:38.152000,0 days 01:01:02.453000,273.0,233.0,250.0,309.0,False,HARD,4.0,True,Red Bull Racing,0 days 00:59:36.066000,2024-07-21 13:07:29.679,1,17.0,False,,False,True,86.364
0 days 01:02:28.891000,PER,11,0 days 00:01:26.461000,5.0,1.0,,,0 days 00:00:30.378000,0 days 00:00:31.734000,0 days 00:00:24.349000,0 days 01:01:32.831000,0 days 01:02:04.565000,0 days 01:02:28.914000,269.0,231.0,251.0,308.0,False,HARD,5.0,True,Red Bull Racing,0 days 01:01:02.430000,2024-07-21 13:08:56.043,1,17.0,False,,False,True,86.461
0 days 01:03:54.901000,PER,11,0 days 00:01:26.010000,6.0,1.0,,,0 days 00:00:30.044000,0 days 00:00:31.594000,0 days 00:00:24.372000,0 days 01:02:58.958000,0 days 01:03:30.552000,0 days 01:03:54.924000,273.0,231.0,253.0,309.0,True,HARD,6.0,True,Red Bull Racing,0 days 01:02:28.891000,2024-07-21 13:10:22.504,1,16.0,False,,False,True,86.01
0 days 01:05:20.141000,PER,11,0 days 00:01:25.240000,7.0,1.0,,,0 days 00:00:30.111000,0 days 00:00:30.983000,0 days 00:00:24.146000,0 days 01:04:25.035000,0 days 01:04:56.018000,0 days 01:05:20.164000,280.0,234.0,252.0,312.0,True,HARD,7.0,True,Red Bull Racing,0 days 01:03:54.901000,2024-07-21 13:11:48.514,1,14.0,False,,False,True,85.24
0 days 01:06:45.192000,PER,11,0 days 00:01:25.051000,8.0,1.0,,,0 days 00:00:30.195000,0 days 00:00:31.007000,0 days 00:00:23.849000,0 days 01:05:50.359000,0 days 01:06:21.366000,0 days 01:06:45.215000,283.0,234.0,251.0,307.0,True,HARD,8.0,True,Red Bull Racing,0 days 01:05:20.141000,2024-07-21 13:13:13.754,1,11.0,False,,False,True,85.051
0 days 01:08:09.389000,PER,11,0 days 00:01:24.197000,9.0,1.0,,,0 days 00:00:29.625000,0 days 00:00:30.535000,0 days 00:00:24.037000,0 days 01:07:14.840000,0 days 01:07:45.375000,0 days 01:08:09.412000,281.0,236.0,247.0,305.0,True,HARD,9.0,True,Red Bull Racing,0 days 01:06:45.192000,2024-07-21 13:14:38.805,1,11.0,False,,False,True,84.197
0 days 01:09:34.236000,PER,11,0 days 00:01:24.847000,10.0,1.0,,,0 days 00:00:30.001000,0 days 00:00:30.645000,0 days 00:00:24.201000,0 days 01:08:39.413000,0 days 01:09:10.058000,0 days 01:09:34.259000,,235.0,251.0,293.0,False,HARD,10.0,True,Red Bull Racing,0 days 01:08:09.389000,2024-07-21 13:16:03.002,1,11.0,False,,False,True,84.847
0 days 01:10:59.249000,PER,11,0 days 00:01:25.013000,11.0,1.0,,,0 days 00:00:29.937000,0 days 00:00:30.925000,0 days 00:00:24.151000,0 days 01:10:04.196000,0 days 01:10:35.121000,0 days 01:10:59.272000,283.0,235.0,251.0,305.0,False,HARD,11.0,True,Red Bull Racing,0 days 01:09:34.236000,2024-07-21 13:17:27.849,1,11.0,False,,False,True,85.013
0 days 01:12:24.375000,PER,11,0 days 00:01:25.126000,12.0,1.0,,,0 days 00:00:29.951000,0 days 00:00:31.074000,0 days 00:00:24.101000,0 days 01:11:29.223000,0 days 01:12:00.297000,0 days 01:12:24.398000,281.0,234.0,248.0,307.0,False,HARD,12.0,True,Red Bull Racing,0 days 01:10:59.249000,2024-07-21 13:18:52.862,1,11.0,False,,False,True,85.126
0 days 01:13:49.569000,PER,11,0 days 00:01:25.194000,13.0,1.0,,,0 days 00:00:30.091000,0 days 00:00:30.961000,0 days 00:00:24.142000,0 days 01:12:54.489000,0 days 01:13:25.450000,0 days 01:13:49.592000,277.0,234.0,250.0,303.0,False,HARD,13.0,True,Red Bull Racing,0 days 01:12:24.375000,2024-07-21 13:20:17.988,1,11.0,False,,False,True,85.194
0 days 01:15:15.493000,PER,11,0 days 00:01:25.924000,14.0,1.0,,,0 days 00:00:30.393000,0 days 00:00:31.312000,0 days 00:00:24.219000,0 days 01:14:19.985000,0 days 01:14:51.297000,0 days 01:15:15.516000,281.0,233.0,250.0,305.0,False,HARD,14.0,True,Red Bull Racing,0 days 01:13:49.569000,2024-07-21 13:21:43.182,1,11.0,False,,False,True,85.924
0 days 01:16:40.796000,PER,11,0 days 00:01:25.303000,15.0,1.0,,,0 days 00:00:30.158000,0 days 00:00:31.037000,0 days 00:00:24.108000,0 days 01:15:45.674000,0 days 01:16:16.711000,0 days 01:16:40.819000,,235.0,249.0,,False,HARD,15.0,True,Red Bull Racing,0 days 01:15:15.493000,2024-07-21 13:23:09.106,1,10.0,False,,False,True,85.303
0 days 01:18:06.160000,PER,11,0 days 00:01:25.364000,16.0,1.0,,,0 days 00:00:30.181000,0 days 00:00:31,0 days 00:00:24.183000,0 days 01:17:11,0 days 01:17:42,0 days 01:18:06.183000,282.0,234.0,250.0,304.0,False,HARD,16.0,True,Red Bull Racing,0 days 01:16:40.796000,2024-07-21 13:24:34.409,1,9.0,False,,False,True,85.364
0 days 01:19:31.037000,PER,11,0 days 00:01:24.877000,17.0,1.0,,,0 days 00:00:29.819000,0 days 00:00:30.913000,0 days 00:00:24.145000,0 days 01:18:36.002000,0 days 01:19:06.915000,0 days 01:19:31.060000,,236.0,244.0,305.0,False,HARD,17.0,True,Red Bull Racing,0 days 01:18:06.160000,2024-07-21 13:25:59.773,1,9.0,False,,False,True,84.877
0 days 01:20:56.225000,PER,11,0 days 00:01:25.188000,18.0,1.0,,,0 days 00:00:30.223000,0 days 00:00:30.835000,0 days 00:00:24.130000,0 days 01:20:01.283000,0 days 01:20:32.118000,0 days 01:20:56.248000,,236.0,245.0,290.0,False,HARD,18.0,True,Red Bull Racing,0 days 01:19:31.037000,2024-07-21 13:27:24.650,1,9.0,False,,False,True,85.188
0 days 01:22:21.115000,PER,11,0 days 00:01:24.890000,19.0,1.0,,,0 days 00:00:30.138000,0 days 00:00:30.680000,0 days 00:00:24.072000,0 days 01:21:26.386000,0 days 01:21:57.066000,0 days 01:22:21.138000,283.0,234.0,244.0,,False,HARD,19.0,True,Red Bull Racing,0 days 01:20:56.225000,2024-07-21 13:28:49.838,1,9.0,False,,False,True,84.89
0 days 01:23:45.942000,PER,11,0 days 00:01:24.827000,20.0,1.0,,,0 days 00:00:30.113000,0 days 00:00:30.622000,0 days 00:00:24.092000,0 days 01:22:51.251000,0 days 01:23:21.873000,0 days 01:23:45.965000,,236.0,244.0,,False,HARD,20.0,True,Red Bull Racing,0 days 01:22:21.115000,2024-07-21 13:30:14.728,1,9.0,False,,False,True,84.827
0 days 01:25:10.984000,PER,11,0 days 00:01:25.042000,21.0,1.0,,,0 days 00:00:30.196000,0 days 00:00:30.670000,0 days 00:00:24.176000,0 days 01:24:16.161000,0 days 01:24:46.831000,0 days 01:25:11.007000,,235.0,245.0,,False,HARD,21.0,True,Red Bull Racing,0 days 01:23:45.942000,2024-07-21 13:31:39.555,1,9.0,False,,False,True,85.042
0 days 01:26:36.102000,PER,11,0 days 00:01:25.118000,22.0,1.0,,,0 days 00:00:30.368000,0 days 00:00:30.597000,0 days 00:00:24.153000,0 days 01:25:41.375000,0 days 01:26:11.972000,0 days 01:26:36.125000,284.0,238.0,243.0,292.0,False,HARD,22.0,True,Red Bull Racing,0 days 01:25:10.984000,2024-07-21 13:33:04.597,1,8.0,False,,False,True,85.118
0 days 01:28:01.289000,PER,11,0 days 00:01:25.187000,23.0,1.0,,,0 days 00:00:30.330000,0 days 00:00:30.675000,0 days 00:00:24.182000,0 days 01:27:06.455000,0 days 01:27:37.130000,0 days 01:28:01.312000,283.0,235.0,245.0,291.0,False,HARD,23.0,True,Red Bull Racing,0 days 01:26:36.102000,2024-07-21 13:34:29.715,1,8.0,False,,False,True,85.187
0 days 01:29:27.809000,PER,11,0 days 00:01:26.520000,24.0,1.0,,,0 days 00:00:31.172000,0 days 00:00:31.251000,0 days 00:00:24.097000,0 days 01:28:32.484000,0 days 01:29:03.735000,0 days 01:29:27.832000,280.0,234.0,243.0,,False,HARD,24.0,True,Red Bull Racing,0 days 01:28:01.289000,2024-07-21 13:35:54.902,1,9.0,False,,False,True,86.52
0 days 01:30:53.179000,PER,11,0 days 00:01:25.370000,25.0,1.0,,,0 days 00:00:30.456000,0 days 00:00:30.721000,0 days 00:00:24.193000,0 days 01:29:58.288000,0 days 01:30:29.009000,0 days 01:30:53.202000,282.0,236.0,244.0,290.0,False,HARD,25.0,True,Red Bull Racing,0 days 01:29:27.809000,2024-07-21 13:37:21.422,1,9.0,False,,False,True,85.37
0 days 01:32:18.859000,PER,11,0 days 00:01:25.680000,26.0,1.0,,,0 days 00:00:30.426000,0 days 00:00:30.792000,0 days 00:00:24.462000,0 days 01:31:23.628000,0 days 01:31:54.420000,0 days 01:32:18.882000,,236.0,243.0,291.0,False,HARD,26.0,True,Red Bull Racing,0 days 01:30:53.179000,2024-07-21 13:38:46.792,1,9.0,False,,False,True,85.68
0 days 01:33:44.413000,PER,11,0 days 00:01:25.554000,27.0,1.0,,,0 days 00:00:30.283000,0 days 00:00:30.854000,0 days 00:00:24.417000,0 days 01:32:49.165000,0 days 01:33:20.019000,0 days 01:33:44.436000,284.0,236.0,245.0,292.0,False,HARD,27.0,True,Red Bull Racing,0 days 01:32:18.859000,2024-07-21 13:40:12.472,1,9.0,False,,False,True,85.554
0 days 01:35:12.541000,PER,11,0 days 00:01:28.128000,28.0,1.0,,0 days 01:35:10.888000,0 days 00:00:30.337000,0 days 00:00:30.992000,0 days 00:00:26.799000,0 days 01:34:14.773000,0 days 01:34:45.765000,0 days 01:35:12.564000,283.0,236.0,,293.0,False,HARD,28.0,True,Red Bull Racing,0 days 01:33:44.413000,2024-07-21 13:41:38.026,1,9.0,False,,False,False,88.128
0 days 01:36:55.227000,PER,11,0 days 00:01:42.686000,29.0,2.0,0 days 01:35:32.211000,,0 days 00:00:48.031000,0 days 00:00:30.586000,0 days 00:00:24.069000,0 days 01:36:00.595000,0 days 01:36:31.181000,0 days 01:36:55.250000,285.0,237.0,258.0,,False,MEDIUM,1.0,True,Red Bull Racing,0 days 01:35:12.541000,2024-07-21 13:43:06.154,1,14.0,False,,False,False,102.686
0 days 01:38:20.745000,PER,11,0 days 00:01:25.518000,30.0,2.0,,,0 days 00:00:30.269000,0 days 00:00:31.020000,0 days 00:00:24.229000,0 days 01:37:25.519000,0 days 01:37:56.539000,0 days 01:38:20.768000,257.0,237.0,252.0,304.0,False,MEDIUM,2.0,True,Red Bull Racing,0 days 01:36:55.227000,2024-07-21 13:44:48.840,1,12.0,False,,False,True,85.518
0 days 01:39:43.358000,PER,11,0 days 00:01:22.613000,31.0,2.0,,,0 days 00:00:29.888000,0 days 00:00:29.528000,0 days 00:00:23.197000,0 days 01:38:50.656000,0 days 01:39:20.184000,0 days 01:39:43.381000,281.0,242.0,247.0,309.0,True,MEDIUM,3.0,True,Red Bull Racing,0 days 01:38:20.745000,2024-07-21 13:46:14.358,1,11.0,False,,False,True,82.613
0 days 01:41:06.180000,PER,11,0 days 00:01:22.822000,32.0,2.0,,,0 days 00:00:29.426000,0 days 00:00:30.033000,0 days 00:00:23.363000,0 days 01:40:12.807000,0 days 01:40:42.840000,0 days 01:41:06.203000,285.0,240.0,251.0,291.0,False,MEDIUM,4.0,True,Red Bull Racing,0 days 01:39:43.358000,2024-07-21 13:47:36.971,1,11.0,False,,False,True,82.822
0 days 01:42:28.716000,PER,11,0 days 00:01:22.536000,33.0,2.0,,,0 days 00:00:29.638000,0 days 00:00:29.472000,0 days 00:00:23.426000,0 days 01:41:35.841000,0 days 01:42:05.313000,0 days 01:42:28.739000,283.0,243.0,246.0,306.0,True,MEDIUM,5.0,True,Red Bull Racing,0 days 01:41:06.180000,2024-07-21 13:48:59.793,1,10.0,False,,False,True,82.536
0 days 01:43:51.654000,PER,11,0 days 00:01:22.938000,34.0,2.0,,,0 days 00:00:29.610000,0 days 00:00:29.655000,0 days 00:00:23.673000,0 days 01:42:58.349000,0 days 01:43:28.004000,0 days 01:43:51.677000,284.0,241.0,250.0,290.0,False,MEDIUM,6.0,True,Red Bull Racing,0 days 01:42:28.716000,2024-07-21 13:50:22.329,1,9.0,False,,False,True,82.938
0 days 01:45:16.070000,PER,11,0 days 00:01:24.416000,35.0,2.0,,,0 days 00:00:30.183000,0 days 00:00:30.439000,0 days 00:00:23.794000,0 days 01:44:21.860000,0 days 01:44:52.299000,0 days 01:45:16.093000,285.0,237.0,253.0,307.0,False,MEDIUM,7.0,True,Red Bull Racing,0 days 01:43:51.654000,2024-07-21 13:51:45.267,1,9.0,False,,False,True,84.416
0 days 01:46:38.992000,PER,11,0 days 00:01:22.922000,36.0,2.0,,,0 days 00:00:29.736000,0 days 00:00:29.561000,0 days 00:00:23.625000,0 days 01:45:45.829000,0 days 01:46:15.390000,0 days 01:46:39.015000,283.0,241.0,247.0,308.0,False,MEDIUM,8.0,True,Red Bull Racing,0 days 01:45:16.070000,2024-07-21 13:53:09.683,1,8.0,False,,False,True,82.922
0 days 01:48:03.492000,PER,11,0 days 00:01:24.500000,37.0,2.0,,,0 days 00:00:29.951000,0 days 00:00:30.806000,0 days 00:00:23.743000,0 days 01:47:08.966000,0 days 01:47:39.772000,0 days 01:48:03.515000,281.0,238.0,251.0,292.0,False,MEDIUM,9.0,True,Red Bull Racing,0 days 01:46:38.992000,2024-07-21 13:54:32.605,1,7.0,False,,False,True,84.5
0 days 01:49:25.689000,PER,11,0 days 00:01:22.197000,38.0,2.0,,,0 days 00:00:29.469000,0 days 00:00:29.584000,0 days 00:00:23.144000,0 days 01:48:32.984000,0 days 01:49:02.568000,0 days 01:49:25.712000,,244.0,247.0,301.0,True,MEDIUM,10.0,True,Red Bull Racing,0 days 01:48:03.492000,2024-07-21 13:55:57.105,1,7.0,False,,False,True,82.197
0 days 01:50:48.441000,PER,11,0 days 00:01:22.752000,39.0,2.0,,,0 days 00:00:29.740000,0 days 00:00:29.768000,0 days 00:00:23.244000,0 days 01:49:55.452000,0 days 01:50:25.220000,0 days 01:50:48.464000,282.0,244.0,247.0,289.0,False,MEDIUM,11.0,True,Red Bull Racing,0 days 01:49:25.689000,2024-07-21 13:57:19.302,1,7.0,False,,False,True,82.752
0 days 01:52:11.018000,PER,11,0 days 00:01:22.577000,40.0,2.0,,,0 days 00:00:29.797000,0 days 00:00:29.499000,0 days 00:00:23.281000,0 days 01:51:18.261000,0 days 01:51:47.760000,0 days 01:52:11.041000,,239.0,247.0,,False,MEDIUM,12.0,True,Red Bull Racing,0 days 01:50:48.441000,2024-07-21 13:58:42.054,1,7.0,False,,False,True,82.577
0 days 01:53:33.923000,PER,11,0 days 00:01:22.905000,41.0,2.0,,,0 days 00:00:29.785000,0 days 00:00:29.690000,0 days 00:00:23.430000,0 days 01:52:40.826000,0 days 01:53:10.516000,0 days 01:53:33.946000,,240.0,247.0,288.0,False,MEDIUM,13.0,True,Red Bull Racing,0 days 01:52:11.018000,2024-07-21 14:00:04.631,1,7.0,False,,False,True,82.905
0 days 01:54:56.462000,PER,11,0 days 00:01:22.539000,42.0,2.0,,,0 days 00:00:29.740000,0 days 00:00:29.512000,0 days 00:00:23.287000,0 days 01:54:03.686000,0 days 01:54:33.198000,0 days 01:54:56.485000,283.0,244.0,246.0,290.0,False,MEDIUM,14.0,True,Red Bull Racing,0 days 01:53:33.923000,2024-07-21 14:01:27.536,1,7.0,False,,False,True,82.539
0 days 01:56:19.193000,PER,11,0 days 00:01:22.731000,43.0,2.0,,,0 days 00:00:29.803000,0 days 00:00:29.533000,0 days 00:00:23.395000,0 days 01:55:26.288000,0 days 01:55:55.821000,0 days 01:56:19.216000,,242.0,246.0,289.0,False,MEDIUM,15.0,True,Red Bull Racing,0 days 01:54:56.462000,2024-07-21 14:02:50.075,1,7.0,False,,False,True,82.731
0 days 01:57:42.116000,PER,11,0 days 00:01:22.923000,44.0,2.0,,,0 days 00:00:29.805000,0 days 00:00:29.666000,0 days 00:00:23.452000,0 days 01:56:49.021000,0 days 01:57:18.687000,0 days 01:57:42.139000,,241.0,247.0,,False,MEDIUM,16.0,True,Red Bull Racing,0 days 01:56:19.193000,2024-07-21 14:04:12.806,1,7.0,False,,False,True,82.923
0 days 01:59:05.043000,PER,11,0 days 00:01:22.927000,45.0,2.0,,,0 days 00:00:29.846000,0 days 00:00:29.641000,0 days 00:00:23.440000,0 days 01:58:11.985000,0 days 01:58:41.626000,0 days 01:59:05.066000,,242.0,246.0,290.0,False,MEDIUM,17.0,True,Red Bull Racing,0 days 01:57:42.116000,2024-07-21 14:05:35.729,1,7.0,False,,False,True,82.927
0 days 02:00:28.622000,PER,11,0 days 00:01:23.579000,46.0,2.0,,,0 days 00:00:30.044000,0 days 00:00:29.923000,0 days 00:00:23.612000,0 days 01:59:35.110000,0 days 02:00:05.033000,0 days 02:00:28.645000,282.0,241.0,246.0,,False,MEDIUM,18.0,True,Red Bull Racing,0 days 01:59:05.043000,2024-07-21 14:06:58.656,1,7.0,False,,False,True,83.579
0 days 02:01:54.500000,PER,11,0 days 00:01:25.878000,47.0,2.0,,0 days 02:01:52.777000,0 days 00:00:29.911000,0 days 00:00:29.981000,0 days 00:00:25.986000,0 days 02:00:58.556000,0 days 02:01:28.537000,0 days 02:01:54.523000,283.0,239.0,,,False,MEDIUM,19.0,True,Red Bull Racing,0 days 02:00:28.622000,2024-07-21 14:08:22.235,1,8.0,False,,False,False,85.878
0 days 02:03:34.008000,PER,11,0 days 00:01:39.508000,48.0,3.0,0 days 02:02:13.837000,,0 days 00:00:47.433000,0 days 00:00:29.328000,0 days 00:00:22.747000,0 days 02:02:41.956000,0 days 02:03:11.284000,0 days 02:03:34.031000,276.0,243.0,250.0,,False,MEDIUM,1.0,True,Red Bull Racing,0 days 02:01:54.500000,2024-07-21 14:09:48.113,1,8.0,False,,False,False,99.508
0 days 02:04:55.104000,PER,11,0 days 00:01:21.096000,49.0,3.0,,,0 days 00:00:29.228000,0 days 00:00:29.039000,0 days 00:00:22.829000,0 days 02:04:03.259000,0 days 02:04:32.298000,0 days 02:04:55.127000,281.0,246.0,250.0,289.0,True,MEDIUM,2.0,True,Red Bull Racing,0 days 02:03:34.008000,2024-07-21 14:11:27.621,1,8.0,False,,False,True,81.096
0 days 02:06:16.403000,PER,11,0 days 00:01:21.299000,50.0,3.0,,,0 days 00:00:29.400000,0 days 00:00:28.936000,0 days 00:00:22.963000,0 days 02:05:24.527000,0 days 02:05:53.463000,0 days 02:06:16.426000,282.0,245.0,249.0,290.0,False,MEDIUM,3.0,True,Red Bull Racing,0 days 02:04:55.104000,2024-07-21 14:12:48.717,1,8.0,False,,False,True,81.299
0 days 02:07:38.006000,PER,11,0 days 00:01:21.603000,51.0,3.0,,,0 days 00:00:29.453000,0 days 00:00:29.085000,0 days 00:00:23.065000,0 days 02:06:45.879000,0 days 02:07:14.964000,0 days 02:07:38.029000,283.0,245.0,250.0,,False,MEDIUM,4.0,True,Red Bull Racing,0 days 02:06:16.403000,2024-07-21 14:14:10.016,1,8.0,False,,False,True,81.603
0 days 02:08:59.590000,PER,11,0 days 00:01:21.584000,52.0,3.0,,,0 days 00:00:29.426000,0 days 00:00:29.175000,0 days 00:00:22.983000,0 days 02:08:07.455000,0 days 02:08:36.630000,0 days 02:08:59.613000,,244.0,249.0,292.0,False,MEDIUM,5.0,True,Red Bull Racing,0 days 02:07:38.006000,2024-07-21 14:15:31.619,1,8.0,False,,False,True,81.584
0 days 02:10:21.295000,PER,11,0 days 00:01:21.705000,53.0,3.0,,,0 days 00:00:29.553000,0 days 00:00:29.130000,0 days 00:00:23.022000,0 days 02:09:29.166000,0 days 02:09:58.296000,0 days 02:10:21.318000,,245.0,249.0,,False,MEDIUM,6.0,True,Red Bull Racing,0 days 02:08:59.590000,2024-07-21 14:16:53.203,1,8.0,False,,False,True,81.705
0 days 02:11:42.872000,PER,11,0 days 00:01:21.577000,54.0,3.0,,,0 days 00:00:29.450000,0 days 00:00:29.078000,0 days 00:00:23.049000,0 days 02:10:50.768000,0 days 02:11:19.846000,0 days 02:11:42.895000,284.0,244.0,250.0,293.0,False,MEDIUM,7.0,True,Red Bull Racing,0 days 02:10:21.295000,2024-07-21 14:18:14.908,1,7.0,False,,False,True,81.577
0 days 02:13:04.490000,PER,11,0 days 00:01:21.618000,55.0,3.0,,,0 days 00:00:29.522000,0 days 00:00:29.019000,0 days 00:00:23.077000,0 days 02:12:12.417000,0 days 02:12:41.436000,0 days 02:13:04.513000,283.0,246.0,248.0,292.0,False,MEDIUM,8.0,True,Red Bull Racing,0 days 02:11:42.872000,2024-07-21 14:19:36.485,1,7.0,False,,False,True,81.618
0 days 02:14:26.392000,PER,11,0 days 00:01:21.902000,56.0,3.0,,,0 days 00:00:29.588000,0 days 00:00:29.140000,0 days 00:00:23.174000,0 days 02:13:34.101000,0 days 02:14:03.241000,0 days 02:14:26.415000,284.0,246.0,249.0,290.0,False,MEDIUM,9.0,True,Red Bull Racing,0 days 02:13:04.490000,2024-07-21 14:20:58.103,1,7.0,False,,False,True,81.902
0 days 02:15:48.336000,PER,11,0 days 00:01:21.944000,57.0,3.0,,,0 days 00:00:29.669000,0 days 00:00:29.121000,0 days 00:00:23.154000,0 days 02:14:56.084000,0 days 02:15:25.205000,0 days 02:15:48.359000,285.0,246.0,249.0,292.0,False,MEDIUM,10.0,True,Red Bull Racing,0 days 02:14:26.392000,2024-07-21 14:22:20.005,1,7.0,False,,False,True,81.944
0 days 02:17:10.487000,PER,11,0 days 00:01:22.151000,58.0,3.0,,,0 days 00:00:29.571000,0 days 00:00:29.294000,0 days 00:00:23.286000,0 days 02:16:17.930000,0 days 02:16:47.224000,0 days 02:17:10.510000,,245.0,249.0,,False,MEDIUM,11.0,True,Red Bull Racing,0 days 02:15:48.336000,2024-07-21 14:23:41.949,1,7.0,False,,False,True,82.151
0 days 02:18:32.931000,PER,11,0 days 00:01:22.444000,59.0,3.0,,,0 days 00:00:29.597000,0 days 00:00:29.299000,0 days 00:00:23.548000,0 days 02:17:40.107000,0 days 02:18:09.406000,0 days 02:18:32.954000,,243.0,246.0,,False,MEDIUM,12.0,True,Red Bull Racing,0 days 02:17:10.487000,2024-07-21 14:25:04.100,1,7.0,False,,False,True,82.444
0 days 02:19:55.576000,PER,11,0 days 00:01:22.645000,60.0,3.0,,,0 days 00:00:29.683000,0 days 00:00:29.612000,0 days 00:00:23.350000,0 days 02:19:02.637000,0 days 02:19:32.249000,0 days 02:19:55.599000,287.0,245.0,248.0,293.0,False,MEDIUM,13.0,True,Red Bull Racing,0 days 02:18:32.931000,2024-07-21 14:26:26.544,1,7.0,False,,False,True,82.645
0 days 02:21:18.011000,PER,11,0 days 00:01:22.435000,61.0,3.0,,,0 days 00:00:29.746000,0 days 00:00:29.377000,0 days 00:00:23.312000,0 days 02:20:25.345000,0 days 02:20:54.722000,0 days 02:21:18.034000,284.0,244.0,250.0,291.0,False,MEDIUM,14.0,True,Red Bull Racing,0 days 02:19:55.576000,2024-07-21 14:27:49.189,1,7.0,False,,False,True,82.435
0 days 02:22:40.073000,PER,11,0 days 00:01:22.062000,62.0,3.0,,,0 days 00:00:29.613000,0 days 00:00:29.202000,0 days 00:00:23.247000,0 days 02:21:47.647000,0 days 02:22:16.849000,0 days 02:22:40.096000,285.0,244.0,250.0,292.0,False,MEDIUM,15.0,True,Red Bull Racing,0 days 02:21:18.011000,2024-07-21 14:29:11.624,12,7.0,False,,False,True,82.062
0 days 02:24:02.964000,PER,11,0 days 00:01:22.891000,63.0,3.0,,,0 days 00:00:29.730000,0 days 00:00:29.615000,0 days 00:00:23.546000,0 days 02:23:09.826000,0 days 02:23:39.441000,0 days 02:24:02.987000,286.0,243.0,250.0,293.0,False,MEDIUM,16.0,True,Red Bull Racing,0 days 02:22:40.073000,2024-07-21 14:30:33.686,1,7.0,False,,False,True,82.891
0 days 02:25:26.389000,PER,11,0 days 00:01:23.425000,64.0,3.0,,,0 days 00:00:29.939000,0 days 00:00:29.761000,0 days 00:00:23.725000,0 days 02:24:32.926000,0 days 02:25:02.687000,0 days 02:25:26.412000,287.0,243.0,248.0,294.0,False,MEDIUM,17.0,True,Red Bull Racing,0 days 02:24:02.964000,2024-07-21 14:31:56.577,1,7.0,False,,False,True,83.425
0 days 02:26:50.562000,PER,11,0 days 00:01:24.173000,65.0,3.0,,,0 days 00:00:30.095000,0 days 00:00:30.382000,0 days 00:00:23.696000,0 days 02:25:56.507000,0 days 02:26:26.889000,0 days 02:26:50.585000,286.0,243.0,248.0,293.0,False,MEDIUM,18.0,True,Red Bull Racing,0 days 02:25:26.389000,2024-07-21 14:33:20.002,1,7.0,False,,False,True,84.173
0 days 02:28:13.736000,PER,11,0 days 00:01:23.174000,66.0,3.0,,,0 days 00:00:29.811000,0 days 00:00:29.880000,0 days 00:00:23.483000,0 days 02:27:20.396000,0 days 02:27:50.276000,0 days 02:28:13.759000,285.0,245.0,250.0,292.0,False,MEDIUM,19.0,True,Red Bull Racing,0 days 02:26:50.562000,2024-07-21 14:34:44.175,1,7.0,False,,False,True,83.174
0 days 02:29:36.993000,PER,11,0 days 00:01:23.257000,67.0,3.0,,,0 days 00:00:29.677000,0 days 00:00:29.867000,0 days 00:00:23.713000,0 days 02:28:43.436000,0 days 02:29:13.303000,0 days 02:29:37.016000,286.0,238.0,248.0,294.0,False,MEDIUM,20.0,True,Red Bull Racing,0 days 02:28:13.736000,2024-07-21 14:36:07.349,1,7.0,False,,False,True,83.257
0 days 02:31:00.013000,PER,11,0 days 00:01:23.020000,68.0,3.0,,,0 days 00:00:29.871000,0 days 00:00:29.511000,0 days 00:00:23.638000,0 days 02:30:06.887000,0 days 02:30:36.398000,0 days 02:31:00.036000,,245.0,249.0,,False,MEDIUM,21.0,True,Red Bull Racing,0 days 02:29:36.993000,2024-07-21 14:37:30.606,1,7.0,False,,False,True,83.02
0 days 02:32:23.536000,PER,11,0 days 00:01:23.523000,69.0,3.0,,,0 days 00:00:29.926000,0 days 00:00:29.970000,0 days 00:00:23.627000,0 days 02:31:29.962000,0 days 02:31:59.932000,0 days 02:32:23.559000,,245.0,249.0,,False,MEDIUM,22.0,True,Red Bull Racing,0 days 02:31:00.013000,2024-07-21 14:38:53.626,1,7.0,False,,False,True,83.523
0 days 02:33:46.983000,PER,11,0 days 00:01:23.447000,70.0,3.0,,,0 days 00:00:29.862000,0 days 00:00:30.116000,0 days 00:00:23.469000,0 days 02:32:53.421000,0 days 02:33:23.537000,0 days 02:33:47.006000,,244.0,249.0,,False,MEDIUM,23.0,True,Red Bull Racing,0 days 02:32:23.536000,2024-07-21 14:40:17.149,1,7.0,False,,False,True,83.447
0 days 00:56:42.117000,RUS,63,0 days 00:01:36.915000,1.0,1.0,,,,0 days 00:00:34.329000,0 days 00:00:24.757000,,0 days 00:56:17.438000,0 days 00:56:42.205000,244.0,233.0,246.0,277.0,False,HARD,1.0,True,Mercedes,0 days 00:55:04.938000,2024-07-21 13:02:58.551,1,16.0,False,,False,False,96.915
0 days 00:58:09.035000,RUS,63,0 days 00:01:26.918000,2.0,1.0,,,0 days 00:00:30.877000,0 days 00:00:31.695000,0 days 00:00:24.346000,0 days 00:57:13.015000,0 days 00:57:44.710000,0 days 00:58:09.056000,262.0,236.0,249.0,289.0,True,HARD,2.0,True,Mercedes,0 days 00:56:42.117000,2024-07-21 13:04:35.730,1,15.0,False,,False,True,86.918
0 days 00:59:35.047000,RUS,63,0 days 00:01:26.012000,3.0,1.0,,,0 days 00:00:30.333000,0 days 00:00:31.371000,0 days 00:00:24.308000,0 days 00:58:39.389000,0 days 00:59:10.760000,0 days 00:59:35.068000,267.0,232.0,249.0,304.0,True,HARD,3.0,True,Mercedes,0 days 00:58:09.035000,2024-07-21 13:06:02.648,1,15.0,False,,False,True,86.012
0 days 01:01:01.386000,RUS,63,0 days 00:01:26.339000,4.0,1.0,,,0 days 00:00:30.445000,0 days 00:00:31.615000,0 days 00:00:24.279000,0 days 01:00:05.513000,0 days 01:00:37.128000,0 days 01:01:01.407000,270.0,234.0,248.0,309.0,False,HARD,4.0,True,Mercedes,0 days 00:59:35.047000,2024-07-21 13:07:28.660,1,15.0,False,,False,True,86.339
0 days 01:02:27.603000,RUS,63,0 days 00:01:26.217000,5.0,1.0,,,0 days 00:00:30.536000,0 days 00:00:31.494000,0 days 00:00:24.187000,0 days 01:01:31.943000,0 days 01:02:03.437000,0 days 01:02:27.624000,264.0,233.0,251.0,306.0,False,HARD,5.0,True,Mercedes,0 days 01:01:01.386000,2024-07-21 13:08:54.999,1,15.0,False,,False,True,86.217
0 days 01:03:53.570000,RUS,63,0 days 00:01:25.967000,6.0,1.0,,,0 days 00:00:30.435000,0 days 00:00:31.314000,0 days 00:00:24.218000,0 days 01:02:58.059000,0 days 01:03:29.373000,0 days 01:03:53.591000,266.0,234.0,249.0,309.0,True,HARD,6.0,True,Mercedes,0 days 01:02:27.603000,2024-07-21 13:10:21.216,1,14.0,False,,False,True,85.967
0 days 01:05:18.139000,RUS,63,0 days 00:01:24.569000,7.0,1.0,,,0 days 00:00:30.063000,0 days 00:00:30.511000,0 days 00:00:23.995000,0 days 01:04:23.654000,0 days 01:04:54.165000,0 days 01:05:18.160000,278.0,237.0,248.0,305.0,True,HARD,7.0,True,Mercedes,0 days 01:03:53.570000,2024-07-21 13:11:47.183,1,12.0,False,,False,True,84.569
0 days 01:06:43.296000,RUS,63,0 days 00:01:25.157000,8.0,1.0,,,0 days 00:00:30.326000,0 days 00:00:30.833000,0 days 00:00:23.998000,0 days 01:05:48.486000,0 days 01:06:19.319000,0 days 01:06:43.317000,274.0,237.0,250.0,303.0,False,HARD,8.0,True,Mercedes,0 days 01:05:18.139000,2024-07-21 13:13:11.752,1,10.0,False,,False,True,85.157
0 days 01:08:08.132000,RUS,63,0 days 00:01:24.836000,9.0,1.0,,,0 days 00:00:30.236000,0 days 00:00:30.611000,0 days 00:00:23.989000,0 days 01:07:13.553000,0 days 01:07:44.164000,0 days 01:08:08.153000,275.0,238.0,250.0,306.0,False,HARD,9.0,True,Mercedes,0 days 01:06:43.296000,2024-07-21 13:14:36.909,1,10.0,False,,False,True,84.836
0 days 01:09:33.189000,RUS,63,0 days 00:01:25.057000,10.0,1.0,,,0 days 00:00:30.265000,0 days 00:00:30.764000,0 days 00:00:24.028000,0 days 01:08:38.418000,0 days 01:09:09.182000,0 days 01:09:33.210000,,237.0,250.0,305.0,False,HARD,10.0,True,Mercedes,0 days 01:08:08.132000,2024-07-21 13:16:01.745,1,10.0,False,,False,True,85.057
0 days 01:10:58.437000,RUS,63,0 days 00:01:25.248000,11.0,1.0,,,0 days 00:00:30.194000,0 days 00:00:30.931000,0 days 00:00:24.123000,0 days 01:10:03.404000,0 days 01:10:34.335000,0 days 01:10:58.458000,,237.0,250.0,304.0,False,HARD,11.0,True,Mercedes,0 days 01:09:33.189000,2024-07-21 13:17:26.802,1,10.0,False,,False,True,85.248
0 days 01:12:23.531000,RUS,63,0 days 00:01:25.094000,12.0,1.0,,,0 days 00:00:30.326000,0 days 00:00:30.715000,0 days 00:00:24.053000,0 days 01:11:28.784000,0 days 01:11:59.499000,0 days 01:12:23.552000,273.0,238.0,244.0,305.0,False,HARD,12.0,True,Mercedes,0 days 01:10:58.437000,2024-07-21 13:18:52.050,1,10.0,False,,False,True,85.094
0 days 01:13:48.865000,RUS,63,0 days 00:01:25.334000,13.0,1.0,,,0 days 00:00:30.512000,0 days 00:00:30.570000,0 days 00:00:24.252000,0 days 01:12:54.064000,0 days 01:13:24.634000,0 days 01:13:48.886000,278.0,238.0,244.0,291.0,False,HARD,13.0,True,Mercedes,0 days 01:12:23.531000,2024-07-21 13:20:17.144,1,10.0,False,,False,True,85.334
0 days 01:15:14.602000,RUS,63,0 days 00:01:25.737000,14.0,1.0,,,0 days 00:00:30.644000,0 days 00:00:30.895000,0 days 00:00:24.198000,0 days 01:14:19.530000,0 days 01:14:50.425000,0 days 01:15:14.623000,274.0,236.0,245.0,290.0,False,HARD,14.0,True,Mercedes,0 days 01:13:48.865000,2024-07-21 13:21:42.478,1,10.0,False,,False,True,85.737
0 days 01:16:39.812000,RUS,63,0 days 00:01:25.210000,15.0,1.0,,,0 days 00:00:30.321000,0 days 00:00:30.657000,0 days 00:00:24.232000,0 days 01:15:44.944000,0 days 01:16:15.601000,0 days 01:16:39.833000,277.0,236.0,245.0,292.0,False,HARD,15.0,True,Mercedes,0 days 01:15:14.602000,2024-07-21 13:23:08.215,1,9.0,False,,False,True,85.21
0 days 01:18:05.110000,RUS,63,0 days 00:01:25.298000,16.0,1.0,,,0 days 00:00:30.432000,0 days 00:00:30.751000,0 days 00:00:24.115000,0 days 01:17:10.265000,0 days 01:17:41.016000,0 days 01:18:05.131000,,236.0,250.0,290.0,False,HARD,16.0,True,Mercedes,0 days 01:16:39.812000,2024-07-21 13:24:33.425,1,8.0,False,,False,True,85.298
0 days 01:19:29.835000,RUS,63,0 days 00:01:24.725000,17.0,1.0,,,0 days 00:00:29.952000,0 days 00:00:30.606000,0 days 00:00:24.167000,0 days 01:18:35.083000,0 days 01:19:05.689000,0 days 01:19:29.856000,275.0,238.0,245.0,302.0,False,HARD,17.0,True,Mercedes,0 days 01:18:05.110000,2024-07-21 13:25:58.723,1,8.0,False,,False,True,84.725
0 days 01:20:54.927000,RUS,63,0 days 00:01:25.092000,18.0,1.0,,,0 days 00:00:30.406000,0 days 00:00:30.534000,0 days 00:00:24.152000,0 days 01:20:00.262000,0 days 01:20:30.796000,0 days 01:20:54.948000,277.0,237.0,246.0,288.0,False,HARD,18.0,True,Mercedes,0 days 01:19:29.835000,2024-07-21 13:27:23.448,1,8.0,False,,False,True,85.092
0 days 01:22:19.801000,RUS,63,0 days 00:01:24.874000,19.0,1.0,,,0 days 00:00:30.430000,0 days 00:00:30.354000,0 days 00:00:24.090000,0 days 01:21:25.378000,0 days 01:21:55.732000,0 days 01:22:19.822000,276.0,238.0,245.0,286.0,False,HARD,19.0,True,Mercedes,0 days 01:20:54.927000,2024-07-21 13:28:48.540,1,8.0,False,,False,True,84.874
0 days 01:23:44.549000,RUS,63,0 days 00:01:24.748000,20.0,1.0,,,0 days 00:00:30.391000,0 days 00:00:30.292000,0 days 00:00:24.065000,0 days 01:22:50.213000,0 days 01:23:20.505000,0 days 01:23:44.570000,,237.0,245.0,288.0,False,HARD,20.0,True,Mercedes,0 days 01:22:19.801000,2024-07-21 13:30:13.414,1,8.0,False,,False,True,84.748
0 days 01:25:09.737000,RUS,63,0 days 00:01:25.188000,21.0,1.0,,,0 days 00:00:30.425000,0 days 00:00:30.548000,0 days 00:00:24.215000,0 days 01:24:14.995000,0 days 01:24:45.543000,0 days 01:25:09.758000,277.0,237.0,246.0,289.0,False,HARD,21.0,True,Mercedes,0 days 01:23:44.549000,2024-07-21 13:31:38.162,1,8.0,False,,False,True,85.188
0 days 01:26:34.736000,RUS,63,0 days 00:01:24.999000,22.0,1.0,,,0 days 00:00:30.406000,0 days 00:00:30.389000,0 days 00:00:24.204000,0 days 01:25:40.164000,0 days 01:26:10.553000,0 days 01:26:34.757000,276.0,239.0,245.0,290.0,False,HARD,22.0,True,Mercedes,0 days 01:25:09.737000,2024-07-21 13:33:03.350,1,7.0,False,,False,True,84.999
0 days 01:27:59.590000,RUS,63,0 days 00:01:24.854000,23.0,1.0,,,0 days 00:00:30.416000,0 days 00:00:30.362000,0 days 00:00:24.076000,0 days 01:27:05.173000,0 days 01:27:35.535000,0 days 01:27:59.611000,277.0,238.0,245.0,289.0,False,HARD,23.0,True,Mercedes,0 days 01:26:34.736000,2024-07-21 13:34:28.349,1,7.0,False,,False,True,84.854
0 days 01:29:25.004000,RUS,63,0 days 00:01:25.414000,24.0,1.0,,,0 days 00:00:30.516000,0 days 00:00:30.686000,0 days 00:00:24.212000,0 days 01:28:30.127000,0 days 01:29:00.813000,0 days 01:29:25.025000,278.0,238.0,245.0,290.0,False,HARD,24.0,True,Mercedes,0 days 01:27:59.590000,2024-07-21 13:35:53.203,1,7.0,False,,False,True,85.414
0 days 01:30:51.716000,RUS,63,0 days 00:01:26.712000,25.0,1.0,,,0 days 00:00:31.039000,0 days 00:00:31.143000,0 days 00:00:24.530000,0 days 01:29:56.064000,0 days 01:30:27.207000,0 days 01:30:51.737000,281.0,238.0,246.0,292.0,False,HARD,25.0,True,Mercedes,0 days 01:29:25.004000,2024-07-21 13:37:18.617,1,8.0,False,,False,True,86.712
0 days 01:32:17.489000,RUS,63,0 days 00:01:25.773000,26.0,1.0,,,0 days 00:00:30.770000,0 days 00:00:30.767000,0 days 00:00:24.236000,0 days 01:31:22.507000,0 days 01:31:53.274000,0 days 01:32:17.510000,279.0,238.0,250.0,291.0,False,HARD,26.0,True,Mercedes,0 days 01:30:51.716000,2024-07-21 13:38:45.329,1,8.0,False,,False,True,85.773
0 days 01:33:43.136000,RUS,63,0 days 00:01:25.647000,27.0,1.0,,,0 days 00:00:30.394000,0 days 00:00:30.985000,0 days 00:00:24.268000,0 days 01:32:47.904000,0 days 01:33:18.889000,0 days 01:33:43.157000,,239.0,251.0,305.0,False,HARD,27.0,True,Mercedes,0 days 01:32:17.489000,2024-07-21 13:40:11.102,1,8.0,False,,False,True,85.647
0 days 01:35:08.955000,RUS,63,0 days 00:01:25.819000,28.0,1.0,,,0 days 00:00:30.345000,0 days 00:00:31.111000,0 days 00:00:24.363000,0 days 01:34:13.502000,0 days 01:34:44.613000,0 days 01:35:08.976000,276.0,239.0,248.0,306.0,False,HARD,28.0,True,Mercedes,0 days 01:33:43.136000,2024-07-21 13:41:36.749,1,8.0,False,,False,True,85.819
0 days 01:36:34.932000,RUS,63,0 days 00:01:25.977000,29.0,1.0,,,0 days 00:00:30.400000,0 days 00:00:31.239000,0 days 00:00:24.338000,0 days 01:35:39.376000,0 days 01:36:10.615000,0 days 01:36:34.953000,277.0,238.0,249.0,304.0,False,HARD,29.0,True,Mercedes,0 days 01:35:08.955000,2024-07-21 13:43:02.568,1,7.0,False,,False,True,85.977
0 days 01:37:59.694000,RUS,63,0 days 00:01:24.762000,30.0,1.0,,,0 days 00:00:30.058000,0 days 00:00:30.372000,0 days 00:00:24.332000,0 days 01:37:05.011000,0 days 01:37:35.383000,0 days 01:37:59.715000,275.0,238.0,245.0,302.0,False,HARD,30.0,True,Mercedes,0 days 01:36:34.932000,2024-07-21 13:44:28.545,1,7.0,False,,False,True,84.762
0 days 01:39:24.771000,RUS,63,0 days 00:01:25.077000,31.0,1.0,,,0 days 00:00:30.480000,0 days 00:00:30.375000,0 days 00:00:24.222000,0 days 01:38:30.195000,0 days 01:39:00.570000,0 days 01:39:24.792000,,240.0,245.0,288.0,False,HARD,31.0,True,Mercedes,0 days 01:37:59.694000,2024-07-21 13:45:53.307,1,7.0,False,,False,True,85.077
0 days 01:40:50.178000,RUS,63,0 days 00:01:25.407000,32.0,1.0,,,0 days 00:00:30.540000,0 days 00:00:30.692000,0 days 00:00:24.175000,0 days 01:39:55.332000,0 days 01:40:26.024000,0 days 01:40:50.199000,274.0,239.0,244.0,287.0,False,HARD,32.0,True,Mercedes,0 days 01:39:24.771000,2024-07-21 13:47:18.384,1,7.0,False,,False,True,85.407
0 days 01:42:18.369000,RUS,63,0 days 00:01:28.191000,33.0,1.0,,0 days 01:42:16.715000,0 days 00:00:30.740000,0 days 00:00:30.724000,0 days 00:00:26.727000,0 days 01:41:20.939000,0 days 01:41:51.663000,0 days 01:42:18.390000,275.0,237.0,,286.0,False,HARD,33.0,True,Mercedes,0 days 01:40:50.178000,2024-07-21 13:48:43.791,1,7.0,False,,False,False,88.191
0 days 01:43:58.579000,RUS,63,0 days 00:01:40.210000,34.0,2.0,0 days 01:42:38.091000,,0 days 00:00:47.665000,0 days 00:00:29.282000,0 days 00:00:23.263000,0 days 01:43:06.055000,0 days 01:43:35.337000,0 days 01:43:58.600000,276.0,241.0,248.0,,False,MEDIUM,1.0,True,Mercedes,0 days 01:42:18.369000,2024-07-21 13:50:11.982,1,11.0,False,,False,False,100.21
0 days 01:45:21.095000,RUS,63,0 days 00:01:22.516000,35.0,2.0,,,0 days 00:00:29.605000,0 days 00:00:29.636000,0 days 00:00:23.275000,0 days 01:44:28.205000,0 days 01:44:57.841000,0 days 01:45:21.116000,277.0,241.0,250.0,289.0,True,MEDIUM,2.0,True,Mercedes,0 days 01:43:58.579000,2024-07-21 13:51:52.192,1,11.0,False,,False,True,82.516
0 days 01:46:43.947000,RUS,63,0 days 00:01:22.852000,36.0,2.0,,,0 days 00:00:29.608000,0 days 00:00:29.635000,0 days 00:00:23.609000,0 days 01:45:50.724000,0 days 01:46:20.359000,0 days 01:46:43.968000,278.0,242.0,255.0,292.0,False,MEDIUM,3.0,True,Mercedes,0 days 01:45:21.095000,2024-07-21 13:53:14.708,1,11.0,False,,False,True,82.852
0 days 01:48:06.777000,RUS,63,0 days 00:01:22.830000,37.0,2.0,,,0 days 00:00:29.678000,0 days 00:00:29.676000,0 days 00:00:23.476000,0 days 01:47:13.646000,0 days 01:47:43.322000,0 days 01:48:06.798000,276.0,243.0,254.0,309.0,False,MEDIUM,4.0,True,Mercedes,0 days 01:46:43.947000,2024-07-21 13:54:37.560,1,10.0,False,,False,True,82.83
0 days 01:49:29.591000,RUS,63,0 days 00:01:22.814000,38.0,2.0,,,0 days 00:00:29.855000,0 days 00:00:29.487000,0 days 00:00:23.472000,0 days 01:48:36.653000,0 days 01:49:06.140000,0 days 01:49:29.612000,,244.0,247.0,310.0,False,MEDIUM,5.0,True,Mercedes,0 days 01:48:06.777000,2024-07-21 13:56:00.390,1,8.0,False,,False,True,82.814
0 days 01:50:51.866000,RUS,63,0 days 00:01:22.275000,39.0,2.0,,,0 days 00:00:29.797000,0 days 00:00:29.279000,0 days 00:00:23.199000,0 days 01:49:59.409000,0 days 01:50:28.688000,0 days 01:50:51.887000,278.0,245.0,250.0,289.0,True,MEDIUM,6.0,True,Mercedes,0 days 01:49:29.591000,2024-07-21 13:57:23.204,1,8.0,False,,False,True,82.275
0 days 01:52:14.077000,RUS,63,0 days 00:01:22.211000,40.0,2.0,,,0 days 00:00:29.720000,0 days 00:00:29.141000,0 days 00:00:23.350000,0 days 01:51:21.607000,0 days 01:51:50.748000,0 days 01:52:14.098000,279.0,243.0,248.0,,True,MEDIUM,7.0,True,Mercedes,0 days 01:50:51.866000,2024-07-21 13:58:45.479,1,8.0,False,,False,True,82.211
0 days 01:53:36.687000,RUS,63,0 days 00:01:22.610000,41.0,2.0,,,0 days 00:00:29.787000,0 days 00:00:29.331000,0 days 00:00:23.492000,0 days 01:52:43.885000,0 days 01:53:13.216000,0 days 01:53:36.708000,280.0,245.0,248.0,,False,MEDIUM,8.0,True,Mercedes,0 days 01:52:14.077000,2024-07-21 14:00:07.690,1,8.0,False,,False,True,82.61
0 days 01:54:59.256000,RUS,63,0 days 00:01:22.569000,42.0,2.0,,,0 days 00:00:29.743000,0 days 00:00:29.323000,0 days 00:00:23.503000,0 days 01:54:06.451000,0 days 01:54:35.774000,0 days 01:54:59.277000,281.0,244.0,249.0,292.0,False,MEDIUM,9.0,True,Mercedes,0 days 01:53:36.687000,2024-07-21 14:01:30.300,1,8.0,False,,False,True,82.569
0 days 01:56:22.164000,RUS,63,0 days 00:01:22.908000,43.0,2.0,,,0 days 00:00:29.908000,0 days 00:00:29.508000,0 days 00:00:23.492000,0 days 01:55:29.185000,0 days 01:55:58.693000,0 days 01:56:22.185000,280.0,243.0,248.0,290.0,False,MEDIUM,10.0,True,Mercedes,0 days 01:54:59.256000,2024-07-21 14:02:52.869,1,8.0,False,,False,True,82.908
0 days 01:57:45.027000,RUS,63,0 days 00:01:22.863000,44.0,2.0,,,0 days 00:00:29.916000,0 days 00:00:29.488000,0 days 00:00:23.459000,0 days 01:56:52.101000,0 days 01:57:21.589000,0 days 01:57:45.048000,,245.0,249.0,291.0,False,MEDIUM,11.0,True,Mercedes,0 days 01:56:22.164000,2024-07-21 14:04:15.777,1,8.0,False,,False,True,82.863
0 days 01:59:07.907000,RUS,63,0 days 00:01:22.880000,45.0,2.0,,,0 days 00:00:29.836000,0 days 00:00:29.408000,0 days 00:00:23.636000,0 days 01:58:14.884000,0 days 01:58:44.292000,0 days 01:59:07.928000,282.0,244.0,248.0,,False,MEDIUM,12.0,True,Mercedes,0 days 01:57:45.027000,2024-07-21 14:05:38.640,1,8.0,False,,False,True,82.88
0 days 02:00:31.251000,RUS,63,0 days 00:01:23.344000,46.0,2.0,,,0 days 00:00:29.967000,0 days 00:00:29.759000,0 days 00:00:23.618000,0 days 01:59:37.895000,0 days 02:00:07.654000,0 days 02:00:31.272000,280.0,243.0,249.0,,False,MEDIUM,13.0,True,Mercedes,0 days 01:59:07.907000,2024-07-21 14:07:01.520,1,8.0,False,,False,True,83.344
0 days 02:01:54.353000,RUS,63,0 days 00:01:23.102000,47.0,2.0,,,0 days 00:00:29.894000,0 days 00:00:29.595000,0 days 00:00:23.613000,0 days 02:01:01.166000,0 days 02:01:30.761000,0 days 02:01:54.374000,283.0,245.0,249.0,292.0,False,MEDIUM,14.0,True,Mercedes,0 days 02:00:31.251000,2024-07-21 14:08:24.864,1,7.0,False,,False,True,83.102
0 days 02:03:17.371000,RUS,63,0 days 00:01:23.018000,48.0,2.0,,,0 days 00:00:29.925000,0 days 00:00:29.480000,0 days 00:00:23.613000,0 days 02:02:24.299000,0 days 02:02:53.779000,0 days 02:03:17.392000,279.0,245.0,249.0,289.0,False,MEDIUM,15.0,True,Mercedes,0 days 02:01:54.353000,2024-07-21 14:09:47.966,1,7.0,False,,False,True,83.018
0 days 02:04:40.062000,RUS,63,0 days 00:01:22.691000,49.0,2.0,,,0 days 00:00:29.725000,0 days 00:00:29.433000,0 days 00:00:23.533000,0 days 02:03:47.117000,0 days 02:04:16.550000,0 days 02:04:40.083000,281.0,245.0,250.0,291.0,False,MEDIUM,16.0,True,Mercedes,0 days 02:03:17.371000,2024-07-21 14:11:10.984,1,7.0,False,,False,True,82.691
0 days 02:06:02.667000,RUS,63,0 days 00:01:22.605000,50.0,2.0,,,0 days 00:00:29.786000,0 days 00:00:29.328000,0 days 00:00:23.491000,0 days 02:05:09.869000,0 days 02:05:39.197000,0 days 02:06:02.688000,282.0,245.0,248.0,290.0,False,MEDIUM,17.0,True,Mercedes,0 days 02:04:40.062000,2024-07-21 14:12:33.675,1,7.0,False,,False,True,82.605
0 days 02:07:25.378000,RUS,63,0 days 00:01:22.711000,51.0,2.0,,,0 days 00:00:29.914000,0 days 00:00:29.286000,0 days 00:00:23.511000,0 days 02:06:32.602000,0 days 02:07:01.888000,0 days 02:07:25.399000,280.0,244.0,248.0,289.0,False,MEDIUM,18.0,True,Mercedes,0 days 02:06:02.667000,2024-07-21 14:13:56.280,1,7.0,False,,False,True,82.711
0 days 02:08:48.302000,RUS,63,0 days 00:01:22.924000,52.0,2.0,,,0 days 00:00:29.910000,0 days 00:00:29.341000,0 days 00:00:23.673000,0 days 02:07:55.309000,0 days 02:08:24.650000,0 days 02:08:48.323000,282.0,245.0,246.0,291.0,False,MEDIUM,19.0,True,Mercedes,0 days 02:07:25.378000,2024-07-21 14:15:18.991,1,7.0,False,,False,True,82.924
0 days 02:10:13.635000,RUS,63,0 days 00:01:25.333000,53.0,2.0,,0 days 02:10:11.921000,0 days 00:00:29.861000,0 days 00:00:29.330000,0 days 00:00:26.142000,0 days 02:09:18.184000,0 days 02:09:47.514000,0 days 02:10:13.656000,284.0,246.0,,292.0,False,MEDIUM,20.0,True,Mercedes,0 days 02:08:48.302000,2024-07-21 14:16:41.915,1,7.0,False,,False,False,85.333
0 days 02:11:52.200000,RUS,63,0 days 00:01:38.565000,54.0,3.0,0 days 02:10:33.236000,,0 days 00:00:47.356000,0 days 00:00:28.528000,0 days 00:00:22.681000,0 days 02:11:01.012000,0 days 02:11:29.540000,0 days 02:11:52.221000,280.0,248.0,251.0,,False,HARD,1.0,True,Mercedes,0 days 02:10:13.635000,2024-07-21 14:18:07.248,1,8.0,False,,False,False,98.565
0 days 02:13:12.505000,RUS,63,0 days 00:01:20.305000,55.0,3.0,,,0 days 00:00:29.202000,0 days 00:00:28.360000,0 days 00:00:22.743000,0 days 02:12:21.423000,0 days 02:12:49.783000,0 days 02:13:12.526000,281.0,248.0,250.0,289.0,True,HARD,2.0,True,Mercedes,0 days 02:11:52.200000,2024-07-21 14:19:45.813,1,8.0,False,,False,True,80.305
0 days 02:14:33.525000,RUS,63,0 days 00:01:21.020000,56.0,3.0,,,0 days 00:00:29.401000,0 days 00:00:28.558000,0 days 00:00:23.061000,0 days 02:13:41.927000,0 days 02:14:10.485000,0 days 02:14:33.546000,282.0,246.0,249.0,288.0,False,HARD,3.0,True,Mercedes,0 days 02:13:12.505000,2024-07-21 14:21:06.118,1,8.0,False,,False,True,81.02
0 days 02:15:54.829000,RUS,63,0 days 00:01:21.304000,57.0,3.0,,,0 days 00:00:29.474000,0 days 00:00:28.754000,0 days 00:00:23.076000,0 days 02:15:03.020000,0 days 02:15:31.774000,0 days 02:15:54.850000,,248.0,249.0,291.0,False,HARD,4.0,True,Mercedes,0 days 02:14:33.525000,2024-07-21 14:22:27.138,1,8.0,False,,False,True,81.304
0 days 02:17:16.392000,RUS,63,0 days 00:01:21.563000,58.0,3.0,,,0 days 00:00:29.500000,0 days 00:00:28.890000,0 days 00:00:23.173000,0 days 02:16:24.350000,0 days 02:16:53.240000,0 days 02:17:16.413000,284.0,248.0,250.0,,False,HARD,5.0,True,Mercedes,0 days 02:15:54.829000,2024-07-21 14:23:48.442,1,8.0,False,,False,True,81.563
0 days 02:18:38.098000,RUS,63,0 days 00:01:21.706000,59.0,3.0,,,0 days 00:00:29.539000,0 days 00:00:28.849000,0 days 00:00:23.318000,0 days 02:17:45.952000,0 days 02:18:14.801000,0 days 02:18:38.119000,,245.0,247.0,290.0,False,HARD,6.0,True,Mercedes,0 days 02:17:16.392000,2024-07-21 14:25:10.005,1,8.0,False,,False,True,81.706
0 days 02:20:00.257000,RUS,63,0 days 00:01:22.159000,60.0,3.0,,,0 days 00:00:29.597000,0 days 00:00:29.194000,0 days 00:00:23.368000,0 days 02:19:07.716000,0 days 02:19:36.910000,0 days 02:20:00.278000,285.0,247.0,248.0,291.0,False,HARD,7.0,True,Mercedes,0 days 02:18:38.098000,2024-07-21 14:26:31.711,1,8.0,False,,False,True,82.159
0 days 02:21:23.257000,RUS,63,0 days 00:01:23,61.0,3.0,,,0 days 00:00:29.939000,0 days 00:00:29.596000,0 days 00:00:23.465000,0 days 02:20:30.217000,0 days 02:20:59.813000,0 days 02:21:23.278000,,245.0,249.0,292.0,False,HARD,8.0,True,Mercedes,0 days 02:20:00.257000,2024-07-21 14:27:53.870,1,8.0,False,,False,True,83.0
0 days 02:22:45.419000,RUS,63,0 days 00:01:22.162000,62.0,3.0,,,0 days 00:00:29.744000,0 days 00:00:29.134000,0 days 00:00:23.284000,0 days 02:21:53.022000,0 days 02:22:22.156000,0 days 02:22:45.440000,,247.0,250.0,291.0,False,HARD,9.0,True,Mercedes,0 days 02:21:23.257000,2024-07-21 14:29:16.870,12,8.0,False,,False,True,82.162
0 days 02:24:07.611000,RUS,63,0 days 00:01:22.192000,63.0,3.0,,,0 days 00:00:29.704000,0 days 00:00:29.158000,0 days 00:00:23.330000,0 days 02:23:15.144000,0 days 02:23:44.302000,0 days 02:24:07.632000,284.0,248.0,250.0,292.0,False,HARD,10.0,True,Mercedes,0 days 02:22:45.419000,2024-07-21 14:30:39.032,1,8.0,False,,False,True,82.192
0 days 02:25:30.539000,RUS,63,0 days 00:01:22.928000,64.0,3.0,,,0 days 00:00:29.830000,0 days 00:00:29.491000,0 days 00:00:23.607000,0 days 02:24:37.462000,0 days 02:25:06.953000,0 days 02:25:30.560000,285.0,247.0,248.0,291.0,False,HARD,11.0,True,Mercedes,0 days 02:24:07.611000,2024-07-21 14:32:01.224,1,8.0,False,,False,True,82.928
0 days 02:26:53.502000,RUS,63,0 days 00:01:22.963000,65.0,3.0,,,0 days 00:00:29.912000,0 days 00:00:29.423000,0 days 00:00:23.628000,0 days 02:26:00.472000,0 days 02:26:29.895000,0 days 02:26:53.523000,284.0,247.0,248.0,290.0,False,HARD,12.0,True,Mercedes,0 days 02:25:30.539000,2024-07-21 14:33:24.152,1,8.0,False,,False,True,82.963
0 days 02:28:16.573000,RUS,63,0 days 00:01:23.071000,66.0,3.0,,,0 days 00:00:29.765000,0 days 00:00:29.751000,0 days 00:00:23.555000,0 days 02:27:23.288000,0 days 02:27:53.039000,0 days 02:28:16.594000,,244.0,250.0,292.0,False,HARD,13.0,True,Mercedes,0 days 02:26:53.502000,2024-07-21 14:34:47.115,1,8.0,False,,False,True,83.071
0 days 02:29:39.231000,RUS,63,0 days 00:01:22.658000,67.0,3.0,,,0 days 00:00:29.788000,0 days 00:00:29.351000,0 days 00:00:23.519000,0 days 02:28:46.382000,0 days 02:29:15.733000,0 days 02:29:39.252000,,247.0,249.0,294.0,False,HARD,14.0,True,Mercedes,0 days 02:28:16.573000,2024-07-21 14:36:10.186,1,8.0,False,,False,True,82.658
0 days 02:31:01.916000,RUS,63,0 days 00:01:22.685000,68.0,3.0,,,0 days 00:00:29.838000,0 days 00:00:29.244000,0 days 00:00:23.603000,0 days 02:30:09.090000,0 days 02:30:38.334000,0 days 02:31:01.937000,285.0,247.0,249.0,,False,HARD,15.0,True,Mercedes,0 days 02:29:39.231000,2024-07-21 14:37:32.844,1,8.0,False,,False,True,82.685
0 days 02:32:25.496000,RUS,63,0 days 00:01:23.580000,69.0,3.0,,,0 days 00:00:29.928000,0 days 00:00:29.544000,0 days 00:00:24.108000,0 days 02:31:31.865000,0 days 02:32:01.409000,0 days 02:32:25.517000,286.0,248.0,256.0,,False,HARD,16.0,True,Mercedes,0 days 02:31:01.916000,2024-07-21 14:38:55.529,1,8.0,False,,False,True,83.58
0 days 02:33:49.559000,RUS,63,0 days 00:01:24.063000,70.0,3.0,,,0 days 00:00:29.633000,0 days 00:00:30.728000,0 days 00:00:23.702000,0 days 02:32:55.150000,0 days 02:33:25.878000,0 days 02:33:49.580000,285.0,244.0,251.0,316.0,False,HARD,17.0,True,Mercedes,0 days 02:32:25.496000,2024-07-21 14:40:19.109,1,8.0,False,,False,True,84.063
0 days 00:56:40.248000,TSU,22,0 days 00:01:35.046000,1.0,1.0,,,,0 days 00:00:33.634000,0 days 00:00:24.503000,,0 days 00:56:15.808000,0 days 00:56:40.377000,258.0,231.0,242.0,271.0,False,MEDIUM,1.0,True,RB,0 days 00:55:04.938000,2024-07-21 13:02:58.551,1,12.0,False,,False,False,95.046
0 days 00:58:06.709000,TSU,22,0 days 00:01:26.461000,2.0,1.0,,,0 days 00:00:30.478000,0 days 00:00:31.682000,0 days 00:00:24.301000,0 days 00:57:10.744000,0 days 00:57:42.426000,0 days 00:58:06.727000,266.0,230.0,245.0,288.0,True,MEDIUM,2.0,True,RB,0 days 00:56:40.248000,2024-07-21 13:04:33.861,1,12.0,False,,False,True,86.461
0 days 00:59:33.390000,TSU,22,0 days 00:01:26.681000,3.0,1.0,,,0 days 00:00:30.335000,0 days 00:00:31.840000,0 days 00:00:24.506000,0 days 00:58:37.062000,0 days 00:59:08.902000,0 days 00:59:33.408000,,230.0,246.0,302.0,False,MEDIUM,3.0,True,RB,0 days 00:58:06.709000,2024-07-21 13:06:00.322,1,12.0,False,,False,True,86.681
0 days 01:00:59.582000,TSU,22,0 days 00:01:26.192000,4.0,1.0,,,0 days 00:00:30.162000,0 days 00:00:31.666000,0 days 00:00:24.364000,0 days 01:00:03.570000,0 days 01:00:35.236000,0 days 01:00:59.600000,269.0,230.0,246.0,,True,MEDIUM,4.0,True,RB,0 days 00:59:33.390000,2024-07-21 13:07:27.003,1,12.0,False,,False,True,86.192
0 days 01:02:25.469000,TSU,22,0 days 00:01:25.887000,5.0,1.0,,,0 days 00:00:30.191000,0 days 00:00:31.456000,0 days 00:00:24.240000,0 days 01:01:29.791000,0 days 01:02:01.247000,0 days 01:02:25.487000,265.0,227.0,250.0,301.0,True,MEDIUM,5.0,True,RB,0 days 01:00:59.582000,2024-07-21 13:08:53.195,1,12.0,False,,False,True,85.887
0 days 01:03:51.548000,TSU,22,0 days 00:01:26.079000,6.0,1.0,,,0 days 00:00:30.386000,0 days 00:00:31.371000,0 days 00:00:24.322000,0 days 01:02:55.873000,0 days 01:03:27.244000,0 days 01:03:51.566000,273.0,231.0,247.0,304.0,False,MEDIUM,6.0,True,RB,0 days 01:02:25.469000,2024-07-21 13:10:19.082,1,10.0,False,,False,True,86.079
0 days 01:05:16.094000,TSU,22,0 days 00:01:24.546000,7.0,1.0,,,0 days 00:00:29.910000,0 days 00:00:30.677000,0 days 00:00:23.959000,0 days 01:04:21.476000,0 days 01:04:52.153000,0 days 01:05:16.112000,279.0,234.0,241.0,300.0,True,MEDIUM,7.0,True,RB,0 days 01:03:51.548000,2024-07-21 13:11:45.161,1,9.0,False,,False,True,84.546
0 days 01:06:40.723000,TSU,22,0 days 00:01:24.629000,8.0,1.0,,,0 days 00:00:30.166000,0 days 00:00:30.544000,0 days 00:00:23.919000,0 days 01:05:46.278000,0 days 01:06:16.822000,0 days 01:06:40.741000,277.0,234.0,243.0,285.0,False,MEDIUM,8.0,True,RB,0 days 01:05:16.094000,2024-07-21 13:13:09.707,1,8.0,False,,False,True,84.629
0 days 01:08:05.264000,TSU,22,0 days 00:01:24.541000,9.0,1.0,,,0 days 00:00:30.135000,0 days 00:00:30.615000,0 days 00:00:23.791000,0 days 01:07:10.876000,0 days 01:07:41.491000,0 days 01:08:05.282000,278.0,233.0,243.0,286.0,True,MEDIUM,9.0,True,RB,0 days 01:06:40.723000,2024-07-21 13:14:34.336,1,8.0,False,,False,True,84.541
0 days 01:09:29.959000,TSU,22,0 days 00:01:24.695000,10.0,1.0,,,0 days 00:00:30.333000,0 days 00:00:30.332000,0 days 00:00:24.030000,0 days 01:08:35.615000,0 days 01:09:05.947000,0 days 01:09:29.977000,,233.0,242.0,285.0,False,MEDIUM,10.0,True,RB,0 days 01:08:05.264000,2024-07-21 13:15:58.877,1,8.0,False,,False,True,84.695
0 days 01:10:54.597000,TSU,22,0 days 00:01:24.638000,11.0,1.0,,,0 days 00:00:30.322000,0 days 00:00:30.453000,0 days 00:00:23.863000,0 days 01:10:00.299000,0 days 01:10:30.752000,0 days 01:10:54.615000,,234.0,244.0,,False,MEDIUM,11.0,True,RB,0 days 01:09:29.959000,2024-07-21 13:17:23.572,1,8.0,False,,False,True,84.638
0 days 01:12:19.322000,TSU,22,0 days 00:01:24.725000,12.0,1.0,,,0 days 00:00:30.243000,0 days 00:00:30.401000,0 days 00:00:24.081000,0 days 01:11:24.858000,0 days 01:11:55.259000,0 days 01:12:19.340000,279.0,234.0,241.0,287.0,False,MEDIUM,12.0,True,RB,0 days 01:10:54.597000,2024-07-21 13:18:48.210,1,8.0,False,,False,True,84.725
0 days 01:13:44.636000,TSU,22,0 days 00:01:25.314000,13.0,1.0,,,0 days 00:00:30.345000,0 days 00:00:30.731000,0 days 00:00:24.238000,0 days 01:12:49.685000,0 days 01:13:20.416000,0 days 01:13:44.654000,278.0,232.0,241.0,285.0,False,MEDIUM,13.0,True,RB,0 days 01:12:19.322000,2024-07-21 13:20:12.935,1,8.0,False,,False,True,85.314
0 days 01:15:10.005000,TSU,22,0 days 00:01:25.369000,14.0,1.0,,,0 days 00:00:30.470000,0 days 00:00:30.778000,0 days 00:00:24.121000,0 days 01:14:15.124000,0 days 01:14:45.902000,0 days 01:15:10.023000,,233.0,242.0,,False,MEDIUM,14.0,True,RB,0 days 01:13:44.636000,2024-07-21 13:21:38.249,1,7.0,False,,False,True,85.369
0 days 01:16:34.801000,TSU,22,0 days 00:01:24.796000,15.0,1.0,,,0 days 00:00:30.288000,0 days 00:00:30.577000,0 days 00:00:23.931000,0 days 01:15:40.311000,0 days 01:16:10.888000,0 days 01:16:34.819000,277.0,233.0,242.0,284.0,False,MEDIUM,15.0,True,RB,0 days 01:15:10.005000,2024-07-21 13:23:03.618,1,7.0,False,,False,True,84.796
0 days 01:17:59.699000,TSU,22,0 days 00:01:24.898000,16.0,1.0,,,0 days 00:00:30.332000,0 days 00:00:30.641000,0 days 00:00:23.925000,0 days 01:17:05.151000,0 days 01:17:35.792000,0 days 01:17:59.717000,,233.0,243.0,,False,MEDIUM,16.0,True,RB,0 days 01:16:34.801000,2024-07-21 13:24:28.414,1,7.0,False,,False,True,84.898
0 days 01:19:24.792000,TSU,22,0 days 00:01:25.093000,17.0,1.0,,,0 days 00:00:30.367000,0 days 00:00:30.597000,0 days 00:00:24.129000,0 days 01:18:30.084000,0 days 01:19:00.681000,0 days 01:19:24.810000,276.0,233.0,241.0,,False,MEDIUM,17.0,True,RB,0 days 01:17:59.699000,2024-07-21 13:25:53.312,1,6.0,False,,False,True,85.093
0 days 01:20:50.893000,TSU,22,0 days 00:01:26.101000,18.0,1.0,,,0 days 00:00:30.951000,0 days 00:00:31.014000,0 days 00:00:24.136000,0 days 01:19:55.761000,0 days 01:20:26.775000,0 days 01:20:50.911000,278.0,235.0,243.0,283.0,False,MEDIUM,18.0,True,RB,0 days 01:19:24.792000,2024-07-21 13:27:18.405,1,7.0,False,,False,True,86.101
0 days 01:22:16.269000,TSU,22,0 days 00:01:25.376000,19.0,1.0,,,0 days 00:00:30.455000,0 days 00:00:30.912000,0 days 00:00:24.009000,0 days 01:21:21.366000,0 days 01:21:52.278000,0 days 01:22:16.287000,,231.0,243.0,285.0,False,MEDIUM,19.0,True,RB,0 days 01:20:50.893000,2024-07-21 13:28:44.506,1,7.0,False,,False,True,85.376
0 days 01:23:41.527000,TSU,22,0 days 00:01:25.258000,20.0,1.0,,,0 days 00:00:30.458000,0 days 00:00:30.625000,0 days 00:00:24.175000,0 days 01:22:46.745000,0 days 01:23:17.370000,0 days 01:23:41.545000,277.0,232.0,241.0,,False,MEDIUM,20.0,True,RB,0 days 01:22:16.269000,2024-07-21 13:30:09.882,1,7.0,False,,False,True,85.258
0 days 01:25:06.996000,TSU,22,0 days 00:01:25.469000,21.0,1.0,,,0 days 00:00:30.488000,0 days 00:00:30.880000,0 days 00:00:24.101000,0 days 01:24:12.033000,0 days 01:24:42.913000,0 days 01:25:07.014000,,233.0,243.0,,False,MEDIUM,21.0,True,RB,0 days 01:23:41.527000,2024-07-21 13:31:35.140,1,7.0,False,,False,True,85.469
0 days 01:26:32.542000,TSU,22,0 days 00:01:25.546000,22.0,1.0,,,0 days 00:00:30.546000,0 days 00:00:30.825000,0 days 00:00:24.175000,0 days 01:25:37.560000,0 days 01:26:08.385000,0 days 01:26:32.560000,278.0,233.0,242.0,,False,MEDIUM,22.0,True,RB,0 days 01:25:06.996000,2024-07-21 13:33:00.609,1,6.0,False,,False,True,85.546
0 days 01:27:57.802000,TSU,22,0 days 00:01:25.260000,23.0,1.0,,,0 days 00:00:30.365000,0 days 00:00:30.765000,0 days 00:00:24.130000,0 days 01:27:02.925000,0 days 01:27:33.690000,0 days 01:27:57.820000,,234.0,243.0,286.0,False,MEDIUM,23.0,True,RB,0 days 01:26:32.542000,2024-07-21 13:34:26.155,1,6.0,False,,False,True,85.26
0 days 01:29:24.085000,TSU,22,0 days 00:01:26.283000,24.0,1.0,,,0 days 00:00:30.542000,0 days 00:00:31.319000,0 days 00:00:24.422000,0 days 01:28:28.362000,0 days 01:28:59.681000,0 days 01:29:24.103000,277.0,231.0,242.0,285.0,False,MEDIUM,24.0,True,RB,0 days 01:27:57.802000,2024-07-21 13:35:51.415,1,6.0,False,,False,True,86.283
0 days 01:30:49.739000,TSU,22,0 days 00:01:25.654000,25.0,1.0,,,0 days 00:00:30.575000,0 days 00:00:30.778000,0 days 00:00:24.301000,0 days 01:29:54.678000,0 days 01:30:25.456000,0 days 01:30:49.757000,,232.0,241.0,286.0,False,MEDIUM,25.0,True,RB,0 days 01:29:24.085000,2024-07-21 13:37:17.698,1,6.0,False,,False,True,85.654
0 days 01:32:16.676000,TSU,22,0 days 00:01:26.937000,26.0,1.0,,,0 days 00:00:31.325000,0 days 00:00:31.283000,0 days 00:00:24.329000,0 days 01:31:21.082000,0 days 01:31:52.365000,0 days 01:32:16.694000,279.0,233.0,243.0,285.0,False,MEDIUM,26.0,True,RB,0 days 01:30:49.739000,2024-07-21 13:38:43.352,1,7.0,False,,False,True,86.937
0 days 01:33:42.438000,TSU,22,0 days 00:01:25.762000,27.0,1.0,,,0 days 00:00:30.505000,0 days 00:00:30.974000,0 days 00:00:24.283000,0 days 01:32:47.199000,0 days 01:33:18.173000,0 days 01:33:42.456000,278.0,233.0,241.0,286.0,False,MEDIUM,27.0,True,RB,0 days 01:32:16.676000,2024-07-21 13:40:10.289,1,7.0,False,,False,True,85.762
0 days 01:35:08.225000,TSU,22,0 days 00:01:25.787000,28.0,1.0,,,0 days 00:00:30.536000,0 days 00:00:30.899000,0 days 00:00:24.352000,0 days 01:34:12.992000,0 days 01:34:43.891000,0 days 01:35:08.243000,,233.0,242.0,285.0,False,MEDIUM,28.0,True,RB,0 days 01:33:42.438000,2024-07-21 13:41:36.051,1,7.0,False,,False,True,85.787
0 days 01:36:36.410000,TSU,22,0 days 00:01:28.185000,29.0,1.0,,0 days 01:36:34.763000,0 days 00:00:30.668000,0 days 00:00:30.930000,0 days 00:00:26.587000,0 days 01:35:38.911000,0 days 01:36:09.841000,0 days 01:36:36.428000,276.0,233.0,,284.0,False,MEDIUM,29.0,True,RB,0 days 01:35:08.225000,2024-07-21 13:43:01.838,1,8.0,False,,False,False,88.185
0 days 01:38:18.066000,TSU,22,0 days 00:01:41.656000,30.0,2.0,0 days 01:36:56.241000,,0 days 00:00:48.133000,0 days 00:00:30.053000,0 days 00:00:23.470000,0 days 01:37:24.561000,0 days 01:37:54.614000,0 days 01:38:18.084000,276.0,236.0,245.0,,False,HARD,1.0,True,RB,0 days 01:36:36.410000,2024-07-21 13:44:30.023,1,10.0,False,,False,False,101.656
0 days 01:39:41.914000,TSU,22,0 days 00:01:23.848000,31.0,2.0,,,0 days 00:00:30.070000,0 days 00:00:30.286000,0 days 00:00:23.492000,0 days 01:38:48.154000,0 days 01:39:18.440000,0 days 01:39:41.932000,273.0,235.0,245.0,286.0,True,HARD,2.0,True,RB,0 days 01:38:18.066000,2024-07-21 13:46:11.679,1,10.0,False,,False,True,83.848
0 days 01:41:05.659000,TSU,22,0 days 00:01:23.745000,32.0,2.0,,,0 days 00:00:30.133000,0 days 00:00:30.163000,0 days 00:00:23.449000,0 days 01:40:12.065000,0 days 01:40:42.228000,0 days 01:41:05.677000,276.0,236.0,245.0,285.0,True,HARD,3.0,True,RB,0 days 01:39:41.914000,2024-07-21 13:47:35.527,1,10.0,False,,False,True,83.745
0 days 01:42:30.859000,TSU,22,0 days 00:01:25.200000,33.0,2.0,,,0 days 00:00:31.125000,0 days 00:00:30.366000,0 days 00:00:23.709000,0 days 01:41:36.802000,0 days 01:42:07.168000,0 days 01:42:30.877000,277.0,236.0,245.0,286.0,False,HARD,4.0,True,RB,0 days 01:41:05.659000,2024-07-21 13:48:59.272,1,11.0,True,TRACK LIMITS AT TURN 1 LAP 33 ,False,True,85.2
0 days 01:43:54.953000,TSU,22,0 days 00:01:24.094000,34.0,2.0,,,0 days 00:00:30.157000,0 days 00:00:30.209000,0 days 00:00:23.728000,0 days 01:43:01.034000,0 days 01:43:31.243000,0 days 01:43:54.971000,278.0,233.0,245.0,287.0,False,HARD,5.0,True,RB,0 days 01:42:30.859000,2024-07-21 13:50:24.472,1,10.0,False,,False,True,84.094
0 days 01:45:19.032000,TSU,22,0 days 00:01:24.079000,35.0,2.0,,,0 days 00:00:30.189000,0 days 00:00:30.235000,0 days 00:00:23.655000,0 days 01:44:25.160000,0 days 01:44:55.395000,0 days 01:45:19.050000,,235.0,245.0,288.0,False,HARD,6.0,True,RB,0 days 01:43:54.953000,2024-07-21 13:51:48.566,1,10.0,False,,False,True,84.079
0 days 01:46:43.702000,TSU,22,0 days 00:01:24.670000,36.0,2.0,,,0 days 00:00:30.306000,0 days 00:00:30.491000,0 days 00:00:23.873000,0 days 01:45:49.356000,0 days 01:46:19.847000,0 days 01:46:43.720000,277.0,234.0,244.0,,False,HARD,7.0,True,RB,0 days 01:45:19.032000,2024-07-21 13:53:12.645,1,10.0,False,,False,True,84.67
0 days 01:48:08.947000,TSU,22,0 days 00:01:25.245000,37.0,2.0,,,0 days 00:00:30.866000,0 days 00:00:30.568000,0 days 00:00:23.811000,0 days 01:47:14.586000,0 days 01:47:45.154000,0 days 01:48:08.965000,275.0,236.0,246.0,,False,HARD,8.0,True,RB,0 days 01:46:43.702000,2024-07-21 13:54:37.315,1,11.0,False,,False,True,85.245
0 days 01:49:33.460000,TSU,22,0 days 00:01:24.513000,38.0,2.0,,,0 days 00:00:30.305000,0 days 00:00:30.431000,0 days 00:00:23.777000,0 days 01:48:39.270000,0 days 01:49:09.701000,0 days 01:49:33.478000,,236.0,244.0,289.0,False,HARD,9.0,True,RB,0 days 01:48:08.947000,2024-07-21 13:56:02.560,1,10.0,False,,False,True,84.513
0 days 01:50:58.091000,TSU,22,0 days 00:01:24.631000,39.0,2.0,,,0 days 00:00:30.319000,0 days 00:00:30.463000,0 days 00:00:23.849000,0 days 01:50:03.797000,0 days 01:50:34.260000,0 days 01:50:58.109000,278.0,236.0,245.0,288.0,False,HARD,10.0,True,RB,0 days 01:49:33.460000,2024-07-21 13:57:27.073,1,10.0,False,,False,True,84.631
0 days 01:52:22.362000,TSU,22,0 days 00:01:24.271000,40.0,2.0,,,0 days 00:00:30.160000,0 days 00:00:30.340000,0 days 00:00:23.771000,0 days 01:51:28.269000,0 days 01:51:58.609000,0 days 01:52:22.380000,,235.0,244.0,287.0,False,HARD,11.0,True,RB,0 days 01:50:58.091000,2024-07-21 13:58:51.704,1,10.0,False,,False,True,84.271
0 days 01:53:46.774000,TSU,22,0 days 00:01:24.412000,41.0,2.0,,,0 days 00:00:30.277000,0 days 00:00:30.337000,0 days 00:00:23.798000,0 days 01:52:52.657000,0 days 01:53:22.994000,0 days 01:53:46.792000,279.0,236.0,245.0,,False,HARD,12.0,True,RB,0 days 01:52:22.362000,2024-07-21 14:00:15.975,1,10.0,False,,False,True,84.412
0 days 01:55:11.114000,TSU,22,0 days 00:01:24.340000,42.0,2.0,,,0 days 00:00:30.293000,0 days 00:00:30.257000,0 days 00:00:23.790000,0 days 01:54:17.085000,0 days 01:54:47.342000,0 days 01:55:11.132000,278.0,238.0,245.0,,False,HARD,13.0,True,RB,0 days 01:53:46.774000,2024-07-21 14:01:40.387,1,10.0,False,,False,True,84.34
0 days 01:56:35.697000,TSU,22,0 days 00:01:24.583000,43.0,2.0,,,0 days 00:00:30.364000,0 days 00:00:30.435000,0 days 00:00:23.784000,0 days 01:55:41.496000,0 days 01:56:11.931000,0 days 01:56:35.715000,276.0,236.0,246.0,288.0,False,HARD,14.0,True,RB,0 days 01:55:11.114000,2024-07-21 14:03:04.727,1,10.0,False,,False,True,84.583
0 days 01:58:00.288000,TSU,22,0 days 00:01:24.591000,44.0,2.0,,,0 days 00:00:30.366000,0 days 00:00:30.446000,0 days 00:00:23.779000,0 days 01:57:06.081000,0 days 01:57:36.527000,0 days 01:58:00.306000,278.0,235.0,246.0,,False,HARD,15.0,True,RB,0 days 01:56:35.697000,2024-07-21 14:04:29.310,1,10.0,False,,False,True,84.591
0 days 01:59:24.863000,TSU,22,0 days 00:01:24.575000,45.0,2.0,,,0 days 00:00:30.317000,0 days 00:00:30.501000,0 days 00:00:23.757000,0 days 01:58:30.623000,0 days 01:59:01.124000,0 days 01:59:24.881000,276.0,235.0,245.0,289.0,False,HARD,16.0,True,RB,0 days 01:58:00.288000,2024-07-21 14:05:53.901,1,9.0,False,,False,True,84.575
0 days 02:00:48.971000,TSU,22,0 days 00:01:24.108000,46.0,2.0,,,0 days 00:00:30.223000,0 days 00:00:30.208000,0 days 00:00:23.677000,0 days 01:59:55.104000,0 days 02:00:25.312000,0 days 02:00:48.989000,,234.0,245.0,286.0,False,HARD,17.0,True,RB,0 days 01:59:24.863000,2024-07-21 14:07:18.476,1,9.0,False,,False,True,84.108
0 days 02:02:13.074000,TSU,22,0 days 00:01:24.103000,47.0,2.0,,,0 days 00:00:30.219000,0 days 00:00:30.281000,0 days 00:00:23.603000,0 days 02:01:19.208000,0 days 02:01:49.489000,0 days 02:02:13.092000,,236.0,246.0,,False,HARD,18.0,True,RB,0 days 02:00:48.971000,2024-07-21 14:08:42.584,1,9.0,False,,False,True,84.103
0 days 02:03:37.769000,TSU,22,0 days 00:01:24.695000,48.0,2.0,,,0 days 00:00:30.430000,0 days 00:00:30.473000,0 days 00:00:23.792000,0 days 02:02:43.522000,0 days 02:03:13.995000,0 days 02:03:37.787000,274.0,235.0,247.0,285.0,False,HARD,19.0,True,RB,0 days 02:02:13.074000,2024-07-21 14:10:06.687,1,9.0,False,,False,True,84.695
0 days 02:05:01.870000,TSU,22,0 days 00:01:24.101000,49.0,2.0,,,0 days 00:00:30.177000,0 days 00:00:30.176000,0 days 00:00:23.748000,0 days 02:04:07.964000,0 days 02:04:38.140000,0 days 02:05:01.888000,278.0,237.0,247.0,288.0,False,HARD,20.0,True,RB,0 days 02:03:37.769000,2024-07-21 14:11:31.382,1,9.0,False,,False,True,84.101
0 days 02:06:25.866000,TSU,22,0 days 00:01:23.996000,50.0,2.0,,,0 days 00:00:30.145000,0 days 00:00:30.139000,0 days 00:00:23.712000,0 days 02:05:32.033000,0 days 02:06:02.172000,0 days 02:06:25.884000,277.0,237.0,246.0,287.0,False,HARD,21.0,True,RB,0 days 02:05:01.870000,2024-07-21 14:12:55.483,1,9.0,False,,False,True,83.996
0 days 02:07:49.693000,TSU,22,0 days 00:01:23.827000,51.0,2.0,,,0 days 00:00:30.129000,0 days 00:00:30.068000,0 days 00:00:23.630000,0 days 02:06:56.013000,0 days 02:07:26.081000,0 days 02:07:49.711000,276.0,237.0,246.0,,False,HARD,22.0,True,RB,0 days 02:06:25.866000,2024-07-21 14:14:19.479,1,9.0,False,,False,True,83.827
0 days 02:09:13.333000,TSU,22,0 days 00:01:23.640000,52.0,2.0,,,0 days 00:00:30.053000,0 days 00:00:29.925000,0 days 00:00:23.662000,0 days 02:08:19.764000,0 days 02:08:49.689000,0 days 02:09:13.351000,278.0,237.0,246.0,288.0,True,HARD,23.0,True,RB,0 days 02:07:49.693000,2024-07-21 14:15:43.306,1,9.0,False,,False,True,83.64
0 days 02:10:37.029000,TSU,22,0 days 00:01:23.696000,53.0,2.0,,,0 days 00:00:30.087000,0 days 00:00:29.884000,0 days 00:00:23.725000,0 days 02:09:43.438000,0 days 02:10:13.322000,0 days 02:10:37.047000,,237.0,246.0,,False,HARD,24.0,True,RB,0 days 02:09:13.333000,2024-07-21 14:17:06.946,1,9.0,False,,False,True,83.696
0 days 02:12:00.586000,TSU,22,0 days 00:01:23.557000,54.0,2.0,,,0 days 00:00:30.124000,0 days 00:00:29.750000,0 days 00:00:23.683000,0 days 02:11:07.171000,0 days 02:11:36.921000,0 days 02:12:00.604000,280.0,239.0,246.0,,True,HARD,25.0,True,RB,0 days 02:10:37.029000,2024-07-21 14:18:30.642,1,9.0,False,,False,True,83.557
0 days 02:13:24.250000,TSU,22,0 days 00:01:23.664000,55.0,2.0,,,0 days 00:00:30.069000,0 days 00:00:29.838000,0 days 00:00:23.757000,0 days 02:12:30.673000,0 days 02:13:00.511000,0 days 02:13:24.268000,279.0,239.0,245.0,287.0,False,HARD,26.0,True,RB,0 days 02:12:00.586000,2024-07-21 14:19:54.199,1,9.0,False,,False,True,83.664
0 days 02:14:47.840000,TSU,22,0 days 00:01:23.590000,56.0,2.0,,,0 days 00:00:30.178000,0 days 00:00:29.780000,0 days 00:00:23.632000,0 days 02:13:54.446000,0 days 02:14:24.226000,0 days 02:14:47.858000,,238.0,246.0,286.0,False,HARD,27.0,True,RB,0 days 02:13:24.250000,2024-07-21 14:21:17.863,1,9.0,False,,False,True,83.59
0 days 02:16:11.373000,TSU,22,0 days 00:01:23.533000,57.0,2.0,,,0 days 00:00:30.056000,0 days 00:00:29.799000,0 days 00:00:23.678000,0 days 02:15:17.914000,0 days 02:15:47.713000,0 days 02:16:11.391000,,240.0,246.0,288.0,True,HARD,28.0,True,RB,0 days 02:14:47.840000,2024-07-21 14:22:41.453,1,9.0,False,,False,True,83.533
0 days 02:17:35.213000,TSU,22,0 days 00:01:23.840000,58.0,2.0,,,0 days 00:00:30.130000,0 days 00:00:29.948000,0 days 00:00:23.762000,0 days 02:16:41.521000,0 days 02:17:11.469000,0 days 02:17:35.231000,,238.0,246.0,287.0,False,HARD,29.0,True,RB,0 days 02:16:11.373000,2024-07-21 14:24:04.986,1,9.0,False,,False,True,83.84
0 days 02:18:59.131000,TSU,22,0 days 00:01:23.918000,59.0,2.0,,,0 days 00:00:30.105000,0 days 00:00:29.932000,0 days 00:00:23.881000,0 days 02:18:05.336000,0 days 02:18:35.268000,0 days 02:18:59.149000,,235.0,244.0,286.0,False,HARD,30.0,True,RB,0 days 02:17:35.213000,2024-07-21 14:25:28.826,1,9.0,False,,False,True,83.918
0 days 02:20:22.923000,TSU,22,0 days 00:01:23.792000,60.0,2.0,,,0 days 00:00:30.045000,0 days 00:00:29.912000,0 days 00:00:23.835000,0 days 02:19:29.194000,0 days 02:19:59.106000,0 days 02:20:22.941000,280.0,237.0,246.0,,False,HARD,31.0,True,RB,0 days 02:18:59.131000,2024-07-21 14:26:52.744,1,9.0,False,,False,True,83.792
0 days 02:21:46.651000,TSU,22,0 days 00:01:23.728000,61.0,2.0,,,0 days 00:00:30.106000,0 days 00:00:30.004000,0 days 00:00:23.618000,0 days 02:20:53.047000,0 days 02:21:23.051000,0 days 02:21:46.669000,,237.0,246.0,287.0,False,HARD,32.0,True,RB,0 days 02:20:22.923000,2024-07-21 14:28:16.536,1,9.0,False,,False,True,83.728
0 days 02:23:10.396000,TSU,22,0 days 00:01:23.745000,62.0,2.0,,,0 days 00:00:30.271000,0 days 00:00:29.831000,0 days 00:00:23.643000,0 days 02:22:16.940000,0 days 02:22:46.771000,0 days 02:23:10.414000,,239.0,246.0,286.0,False,HARD,33.0,True,RB,0 days 02:21:46.651000,2024-07-21 14:29:40.264,12,9.0,False,,False,True,83.745
0 days 02:24:34.409000,TSU,22,0 days 00:01:24.013000,63.0,2.0,,,0 days 00:00:30.212000,0 days 00:00:29.955000,0 days 00:00:23.846000,0 days 02:23:40.626000,0 days 02:24:10.581000,0 days 02:24:34.427000,281.0,237.0,245.0,287.0,False,HARD,34.0,True,RB,0 days 02:23:10.396000,2024-07-21 14:31:04.009,1,9.0,False,,False,True,84.013
0 days 02:25:58.626000,TSU,22,0 days 00:01:24.217000,64.0,2.0,,,0 days 00:00:30.335000,0 days 00:00:30.025000,0 days 00:00:23.857000,0 days 02:25:04.762000,0 days 02:25:34.787000,0 days 02:25:58.644000,279.0,238.0,245.0,286.0,False,HARD,35.0,True,RB,0 days 02:24:34.409000,2024-07-21 14:32:28.022,1,9.0,False,,False,True,84.217
0 days 02:27:22.775000,TSU,22,0 days 00:01:24.149000,65.0,2.0,,,0 days 00:00:30.294000,0 days 00:00:30.090000,0 days 00:00:23.765000,0 days 02:26:28.938000,0 days 02:26:59.028000,0 days 02:27:22.793000,281.0,239.0,248.0,,False,HARD,36.0,True,RB,0 days 02:25:58.626000,2024-07-21 14:33:52.239,1,9.0,False,,False,True,84.149
0 days 02:28:46.834000,TSU,22,0 days 00:01:24.059000,66.0,2.0,,,0 days 00:00:30.062000,0 days 00:00:30.166000,0 days 00:00:23.831000,0 days 02:27:52.855000,0 days 02:28:23.021000,0 days 02:28:46.852000,280.0,238.0,247.0,288.0,False,HARD,37.0,True,RB,0 days 02:27:22.775000,2024-07-21 14:35:16.388,1,9.0,False,,False,True,84.059
0 days 02:30:11.057000,TSU,22,0 days 00:01:24.223000,67.0,2.0,,,0 days 00:00:30.181000,0 days 00:00:30.160000,0 days 00:00:23.882000,0 days 02:29:17.033000,0 days 02:29:47.193000,0 days 02:30:11.075000,281.0,239.0,245.0,,False,HARD,38.0,True,RB,0 days 02:28:46.834000,2024-07-21 14:36:40.447,1,9.0,False,,False,True,84.223
0 days 02:31:35.371000,TSU,22,0 days 00:01:24.314000,68.0,2.0,,,0 days 00:00:30.275000,0 days 00:00:30.148000,0 days 00:00:23.891000,0 days 02:30:41.350000,0 days 02:31:11.498000,0 days 02:31:35.389000,279.0,239.0,247.0,,False,HARD,39.0,True,RB,0 days 02:30:11.057000,2024-07-21 14:38:04.670,1,9.0,False,,False,True,84.314
0 days 02:32:59.709000,TSU,22,0 days 00:01:24.338000,69.0,2.0,,,0 days 00:00:30.212000,0 days 00:00:30.184000,0 days 00:00:23.942000,0 days 02:32:05.601000,0 days 02:32:35.785000,0 days 02:32:59.727000,281.0,238.0,247.0,289.0,False,HARD,40.0,True,RB,0 days 02:31:35.371000,2024-07-21 14:39:28.984,1,9.0,False,,False,True,84.338
0 days 02:34:24.450000,TSU,22,0 days 00:01:24.741000,70.0,2.0,,,0 days 00:00:30.269000,0 days 00:00:30.460000,0 days 00:00:24.012000,0 days 02:33:29.996000,0 days 02:34:00.456000,0 days 02:34:24.468000,,236.0,246.0,290.0,False,HARD,41.0,True,RB,0 days 02:32:59.709000,2024-07-21 14:40:53.322,1,9.0,False,,False,True,84.741
0 days 00:56:38.022000,STR,18,0 days 00:01:32.820000,1.0,1.0,,,,0 days 00:00:32.648000,0 days 00:00:24.150000,,0 days 00:56:13.916000,0 days 00:56:38.248000,237.0,233.0,245.0,266.0,False,SOFT,4.0,False,Aston Martin,0 days 00:55:04.938000,2024-07-21 13:02:58.551,1,8.0,False,,False,False,92.82
0 days 00:58:04.398000,STR,18,0 days 00:01:26.376000,2.0,1.0,,,0 days 00:00:30.608000,0 days 00:00:31.585000,0 days 00:00:24.183000,0 days 00:57:08.646000,0 days 00:57:40.231000,0 days 00:58:04.414000,267.0,230.0,246.0,291.0,True,SOFT,5.0,False,Aston Martin,0 days 00:56:38.022000,2024-07-21 13:04:31.635,1,8.0,False,,False,True,86.376
0 days 00:59:30.869000,STR,18,0 days 00:01:26.471000,3.0,1.0,,,0 days 00:00:30.447000,0 days 00:00:31.933000,0 days 00:00:24.091000,0 days 00:58:34.861000,0 days 00:59:06.794000,0 days 00:59:30.885000,261.0,234.0,248.0,302.0,False,SOFT,6.0,False,Aston Martin,0 days 00:58:04.398000,2024-07-21 13:05:58.011,1,8.0,False,,False,True,86.471
0 days 01:00:56.938000,STR,18,0 days 00:01:26.069000,4.0,1.0,,,0 days 00:00:30.594000,0 days 00:00:31.270000,0 days 00:00:24.205000,0 days 01:00:01.479000,0 days 01:00:32.749000,0 days 01:00:56.954000,260.0,234.0,249.0,304.0,True,SOFT,7.0,False,Aston Martin,0 days 00:59:30.869000,2024-07-21 13:07:24.482,1,8.0,False,,False,True,86.069
0 days 01:02:22.864000,STR,18,0 days 00:01:25.926000,5.0,1.0,,,0 days 00:00:30.328000,0 days 00:00:31.508000,0 days 00:00:24.090000,0 days 01:01:27.282000,0 days 01:01:58.790000,0 days 01:02:22.880000,245.0,231.0,249.0,,True,SOFT,8.0,False,Aston Martin,0 days 01:00:56.938000,2024-07-21 13:08:50.551,1,8.0,False,,False,True,85.926
0 days 01:03:48.702000,STR,18,0 days 00:01:25.838000,6.0,1.0,,,0 days 00:00:30.398000,0 days 00:00:31.343000,0 days 00:00:24.097000,0 days 01:02:53.278000,0 days 01:03:24.621000,0 days 01:03:48.718000,252.0,234.0,251.0,,True,SOFT,9.0,False,Aston Martin,0 days 01:02:22.864000,2024-07-21 13:10:16.477,1,8.0,False,,False,True,85.838
0 days 01:05:13.516000,STR,18,0 days 00:01:24.814000,7.0,1.0,,,0 days 00:00:29.861000,0 days 00:00:30.867000,0 days 00:00:24.086000,0 days 01:04:18.579000,0 days 01:04:49.446000,0 days 01:05:13.532000,277.0,236.0,244.0,305.0,True,SOFT,10.0,False,Aston Martin,0 days 01:03:48.702000,2024-07-21 13:11:42.315,1,7.0,False,,False,True,84.814
0 days 01:06:37.916000,STR,18,0 days 00:01:24.400000,8.0,1.0,,,0 days 00:00:30.149000,0 days 00:00:30.518000,0 days 00:00:23.733000,0 days 01:05:43.681000,0 days 01:06:14.199000,0 days 01:06:37.932000,268.0,236.0,246.0,287.0,True,SOFT,11.0,False,Aston Martin,0 days 01:05:13.516000,2024-07-21 13:13:07.129,1,7.0,False,,False,True,84.4
0 days 01:08:02.517000,STR,18,0 days 00:01:24.601000,9.0,1.0,,,0 days 00:00:30.215000,0 days 00:00:30.592000,0 days 00:00:23.794000,0 days 01:07:08.147000,0 days 01:07:38.739000,0 days 01:08:02.533000,267.0,237.0,245.0,,False,SOFT,12.0,False,Aston Martin,0 days 01:06:37.916000,2024-07-21 13:14:31.529,1,7.0,False,,False,True,84.601
0 days 01:09:27.446000,STR,18,0 days 00:01:24.929000,10.0,1.0,,,0 days 00:00:30.212000,0 days 00:00:30.652000,0 days 00:00:24.065000,0 days 01:08:32.745000,0 days 01:09:03.397000,0 days 01:09:27.462000,273.0,236.0,242.0,,False,SOFT,13.0,False,Aston Martin,0 days 01:08:02.517000,2024-07-21 13:15:56.130,1,7.0,False,,False,True,84.929
0 days 01:10:52.210000,STR,18,0 days 00:01:24.764000,11.0,1.0,,,0 days 00:00:30.211000,0 days 00:00:30.559000,0 days 00:00:23.994000,0 days 01:09:57.673000,0 days 01:10:28.232000,0 days 01:10:52.226000,278.0,237.0,243.0,285.0,False,SOFT,14.0,False,Aston Martin,0 days 01:09:27.446000,2024-07-21 13:17:21.059,1,7.0,False,,False,True,84.764
0 days 01:12:17.023000,STR,18,0 days 00:01:24.813000,12.0,1.0,,,0 days 00:00:30.219000,0 days 00:00:30.508000,0 days 00:00:24.086000,0 days 01:11:22.445000,0 days 01:11:52.953000,0 days 01:12:17.039000,277.0,235.0,242.0,286.0,False,SOFT,15.0,False,Aston Martin,0 days 01:10:52.210000,2024-07-21 13:18:45.823,1,7.0,False,,False,True,84.813
0 days 01:13:42.389000,STR,18,0 days 00:01:25.366000,13.0,1.0,,,0 days 00:00:30.187000,0 days 00:00:30.918000,0 days 00:00:24.261000,0 days 01:12:47.226000,0 days 01:13:18.144000,0 days 01:13:42.405000,278.0,233.0,232.0,,False,SOFT,16.0,False,Aston Martin,0 days 01:12:17.023000,2024-07-21 13:20:10.636,1,7.0,False,,False,True,85.366
0 days 01:15:10.486000,STR,18,0 days 00:01:28.097000,14.0,1.0,,0 days 01:15:08.732000,0 days 00:00:30.602000,0 days 00:00:30.940000,0 days 00:00:26.555000,0 days 01:14:13.007000,0 days 01:14:43.947000,0 days 01:15:10.502000,275.0,235.0,,282.0,False,SOFT,17.0,False,Aston Martin,0 days 01:13:42.389000,2024-07-21 13:21:36.002,1,8.0,False,,False,False,88.097
0 days 01:16:55.354000,STR,18,0 days 00:01:44.868000,15.0,2.0,0 days 01:15:32.107000,,0 days 00:00:49.862000,0 days 00:00:30.924000,0 days 00:00:24.082000,0 days 01:16:00.364000,0 days 01:16:31.288000,0 days 01:16:55.370000,270.0,235.0,250.0,,False,MEDIUM,2.0,False,Aston Martin,0 days 01:15:10.486000,2024-07-21 13:23:04.099,1,16.0,False,,False,False,104.868
0 days 01:18:19.676000,STR,18,0 days 00:01:24.322000,16.0,2.0,,,0 days 00:00:29.774000,0 days 00:00:30.628000,0 days 00:00:23.920000,0 days 01:17:25.144000,0 days 01:17:55.772000,0 days 01:18:19.692000,,237.0,252.0,309.0,True,MEDIUM,3.0,False,Aston Martin,0 days 01:16:55.354000,2024-07-21 13:24:48.967,1,15.0,False,,False,True,84.322
0 days 01:19:45.310000,STR,18,0 days 00:01:25.634000,17.0,2.0,,,0 days 00:00:30.022000,0 days 00:00:31.364000,0 days 00:00:24.248000,0 days 01:18:49.714000,0 days 01:19:21.078000,0 days 01:19:45.326000,259.0,233.0,251.0,307.0,False,MEDIUM,4.0,False,Aston Martin,0 days 01:18:19.676000,2024-07-21 13:26:13.289,1,14.0,False,,False,True,85.634
0 days 01:21:10.317000,STR,18,0 days 00:01:25.007000,18.0,2.0,,,0 days 00:00:30.247000,0 days 00:00:30.837000,0 days 00:00:23.923000,0 days 01:20:15.573000,0 days 01:20:46.410000,0 days 01:21:10.333000,261.0,236.0,247.0,308.0,False,MEDIUM,5.0,False,Aston Martin,0 days 01:19:45.310000,2024-07-21 13:27:38.923,1,13.0,False,,False,True,85.007
0 days 01:22:35.436000,STR,18,0 days 00:01:25.119000,19.0,2.0,,,0 days 00:00:30.403000,0 days 00:00:30.771000,0 days 00:00:23.945000,0 days 01:21:40.736000,0 days 01:22:11.507000,0 days 01:22:35.452000,262.0,236.0,247.0,290.0,False,MEDIUM,6.0,False,Aston Martin,0 days 01:21:10.317000,2024-07-21 13:29:03.930,1,13.0,False,,False,True,85.119
0 days 01:24:00.183000,STR,18,0 days 00:01:24.747000,20.0,2.0,,,0 days 00:00:30.230000,0 days 00:00:30.745000,0 days 00:00:23.772000,0 days 01:23:05.682000,0 days 01:23:36.427000,0 days 01:24:00.199000,266.0,235.0,248.0,291.0,False,MEDIUM,7.0,False,Aston Martin,0 days 01:22:35.436000,2024-07-21 13:30:29.049,1,13.0,False,,False,True,84.747
0 days 01:25:25.246000,STR,18,0 days 00:01:25.063000,21.0,2.0,,,0 days 00:00:30.353000,0 days 00:00:30.795000,0 days 00:00:23.915000,0 days 01:24:30.552000,0 days 01:25:01.347000,0 days 01:25:25.262000,262.0,236.0,248.0,293.0,False,MEDIUM,8.0,False,Aston Martin,0 days 01:24:00.183000,2024-07-21 13:31:53.796,1,13.0,False,,False,True,85.063
0 days 01:26:50.053000,STR,18,0 days 00:01:24.807000,22.0,2.0,,,0 days 00:00:30.211000,0 days 00:00:30.616000,0 days 00:00:23.980000,0 days 01:25:55.473000,0 days 01:26:26.089000,0 days 01:26:50.069000,266.0,238.0,246.0,,False,MEDIUM,9.0,False,Aston Martin,0 days 01:25:25.246000,2024-07-21 13:33:18.859,1,13.0,False,,False,True,84.807
0 days 01:28:15.854000,STR,18,0 days 00:01:25.801000,23.0,2.0,,,0 days 00:00:30.430000,0 days 00:00:31.312000,0 days 00:00:24.059000,0 days 01:27:20.499000,0 days 01:27:51.811000,0 days 01:28:15.870000,256.0,236.0,251.0,,False,MEDIUM,10.0,False,Aston Martin,0 days 01:26:50.053000,2024-07-21 13:34:43.666,1,13.0,False,,False,True,85.801
0 days 01:29:41.412000,STR,18,0 days 00:01:25.558000,24.0,2.0,,,0 days 00:00:30.130000,0 days 00:00:31.426000,0 days 00:00:24.002000,0 days 01:28:46,0 days 01:29:17.426000,0 days 01:29:41.428000,257.0,234.0,252.0,307.0,False,MEDIUM,11.0,False,Aston Martin,0 days 01:28:15.854000,2024-07-21 13:36:09.467,1,13.0,False,,False,True,85.558
0 days 01:31:07.155000,STR,18,0 days 00:01:25.743000,25.0,2.0,,,0 days 00:00:30.434000,0 days 00:00:31.201000,0 days 00:00:24.108000,0 days 01:30:11.862000,0 days 01:30:43.063000,0 days 01:31:07.171000,250.0,236.0,250.0,309.0,False,MEDIUM,12.0,False,Aston Martin,0 days 01:29:41.412000,2024-07-21 13:37:35.025,1,13.0,False,,False,True,85.743
0 days 01:32:33.147000,STR,18,0 days 00:01:25.992000,26.0,2.0,,,0 days 00:00:30.007000,0 days 00:00:31.729000,0 days 00:00:24.256000,0 days 01:31:37.178000,0 days 01:32:08.907000,0 days 01:32:33.163000,261.0,236.0,250.0,307.0,False,MEDIUM,13.0,False,Aston Martin,0 days 01:31:07.155000,2024-07-21 13:39:00.768,1,13.0,False,,False,True,85.992
0 days 01:33:59.372000,STR,18,0 days 00:01:26.225000,27.0,2.0,,,0 days 00:00:30.294000,0 days 00:00:31.520000,0 days 00:00:24.411000,0 days 01:33:03.457000,0 days 01:33:34.977000,0 days 01:33:59.388000,235.0,237.0,250.0,306.0,False,MEDIUM,14.0,False,Aston Martin,0 days 01:32:33.147000,2024-07-21 13:40:26.760,1,13.0,False,,False,True,86.225
0 days 01:35:24.275000,STR,18,0 days 00:01:24.903000,28.0,2.0,,,0 days 00:00:29.982000,0 days 00:00:30.757000,0 days 00:00:24.164000,0 days 01:34:29.370000,0 days 01:35:00.127000,0 days 01:35:24.291000,268.0,238.0,246.0,311.0,False,MEDIUM,15.0,False,Aston Martin,0 days 01:33:59.372000,2024-07-21 13:41:52.985,1,11.0,False,,False,True,84.903
0 days 01:36:48.684000,STR,18,0 days 00:01:24.409000,29.0,2.0,,,0 days 00:00:29.999000,0 days 00:00:30.411000,0 days 00:00:23.999000,0 days 01:35:54.290000,0 days 01:36:24.701000,0 days 01:36:48.700000,269.0,238.0,246.0,293.0,False,MEDIUM,16.0,False,Aston Martin,0 days 01:35:24.275000,2024-07-21 13:43:17.888,1,10.0,False,,False,True,84.409
0 days 01:38:12.860000,STR,18,0 days 00:01:24.176000,30.0,2.0,,,0 days 00:00:29.918000,0 days 00:00:30.311000,0 days 00:00:23.947000,0 days 01:37:18.618000,0 days 01:37:48.929000,0 days 01:38:12.876000,274.0,239.0,247.0,290.0,True,MEDIUM,17.0,False,Aston Martin,0 days 01:36:48.684000,2024-07-21 13:44:42.297,1,9.0,False,,False,True,84.176
0 days 01:39:37.299000,STR,18,0 days 00:01:24.439000,31.0,2.0,,,0 days 00:00:29.993000,0 days 00:00:30.399000,0 days 00:00:24.047000,0 days 01:38:42.869000,0 days 01:39:13.268000,0 days 01:39:37.315000,275.0,239.0,247.0,292.0,False,MEDIUM,18.0,False,Aston Martin,0 days 01:38:12.860000,2024-07-21 13:46:06.473,1,9.0,False,,False,True,84.439
0 days 01:41:01.532000,STR,18,0 days 00:01:24.233000,32.0,2.0,,,0 days 00:00:29.990000,0 days 00:00:30.303000,0 days 00:00:23.940000,0 days 01:40:07.305000,0 days 01:40:37.608000,0 days 01:41:01.548000,278.0,239.0,245.0,291.0,False,MEDIUM,19.0,False,Aston Martin,0 days 01:39:37.299000,2024-07-21 13:47:30.912,1,9.0,False,,False,True,84.233
0 days 01:42:26.275000,STR,18,0 days 00:01:24.743000,33.0,2.0,,,0 days 00:00:30.148000,0 days 00:00:30.511000,0 days 00:00:24.084000,0 days 01:41:31.696000,0 days 01:42:02.207000,0 days 01:42:26.291000,273.0,238.0,245.0,290.0,False,MEDIUM,20.0,False,Aston Martin,0 days 01:41:01.532000,2024-07-21 13:48:55.145,1,9.0,False,,False,True,84.743
0 days 01:43:51.124000,STR,18,0 days 00:01:24.849000,34.0,2.0,,,0 days 00:00:30.111000,0 days 00:00:30.579000,0 days 00:00:24.159000,0 days 01:42:56.402000,0 days 01:43:26.981000,0 days 01:43:51.140000,269.0,238.0,246.0,,False,MEDIUM,21.0,False,Aston Martin,0 days 01:42:26.275000,2024-07-21 13:50:19.888,1,8.0,False,,False,True,84.849
0 days 01:45:15.621000,STR,18,0 days 00:01:24.497000,35.0,2.0,,,0 days 00:00:30.172000,0 days 00:00:30.301000,0 days 00:00:24.024000,0 days 01:44:21.312000,0 days 01:44:51.613000,0 days 01:45:15.637000,282.0,240.0,247.0,,False,MEDIUM,22.0,False,Aston Martin,0 days 01:43:51.124000,2024-07-21 13:51:44.737,1,8.0,False,,False,True,84.497
0 days 01:46:41.421000,STR,18,0 days 00:01:25.800000,36.0,2.0,,,0 days 00:00:30.861000,0 days 00:00:30.725000,0 days 00:00:24.214000,0 days 01:45:46.498000,0 days 01:46:17.223000,0 days 01:46:41.437000,276.0,238.0,247.0,291.0,False,MEDIUM,23.0,False,Aston Martin,0 days 01:45:15.621000,2024-07-21 13:53:09.234,1,9.0,False,,False,True,85.8
0 days 01:48:06.361000,STR,18,0 days 00:01:24.940000,37.0,2.0,,,0 days 00:00:30.239000,0 days 00:00:30.626000,0 days 00:00:24.075000,0 days 01:47:11.676000,0 days 01:47:42.302000,0 days 01:48:06.377000,275.0,241.0,245.0,,False,MEDIUM,24.0,False,Aston Martin,0 days 01:46:41.421000,2024-07-21 13:54:35.034,1,9.0,False,,False,True,84.94
0 days 01:49:31.984000,STR,18,0 days 00:01:25.623000,38.0,2.0,,,0 days 00:00:30.938000,0 days 00:00:30.790000,0 days 00:00:23.895000,0 days 01:48:37.315000,0 days 01:49:08.105000,0 days 01:49:32,277.0,241.0,245.0,289.0,False,MEDIUM,25.0,False,Aston Martin,0 days 01:48:06.361000,2024-07-21 13:55:59.974,1,9.0,False,,False,True,85.623
0 days 01:50:56.312000,STR,18,0 days 00:01:24.328000,39.0,2.0,,,0 days 00:00:30.075000,0 days 00:00:30.372000,0 days 00:00:23.881000,0 days 01:50:02.075000,0 days 01:50:32.447000,0 days 01:50:56.328000,,241.0,245.0,291.0,False,MEDIUM,26.0,False,Aston Martin,0 days 01:49:31.984000,2024-07-21 13:57:25.597,1,9.0,False,,False,True,84.328
0 days 01:52:20.691000,STR,18,0 days 00:01:24.379000,40.0,2.0,,,0 days 00:00:30.163000,0 days 00:00:30.266000,0 days 00:00:23.950000,0 days 01:51:26.491000,0 days 01:51:56.757000,0 days 01:52:20.707000,279.0,237.0,245.0,289.0,False,MEDIUM,27.0,False,Aston Martin,0 days 01:50:56.312000,2024-07-21 13:58:49.925,1,9.0,False,,False,True,84.379
0 days 01:53:45.136000,STR,18,0 days 00:01:24.445000,41.0,2.0,,,0 days 00:00:30.240000,0 days 00:00:30.325000,0 days 00:00:23.880000,0 days 01:52:50.947000,0 days 01:53:21.272000,0 days 01:53:45.152000,277.0,240.0,246.0,287.0,False,MEDIUM,28.0,False,Aston Martin,0 days 01:52:20.691000,2024-07-21 14:00:14.304,1,9.0,False,,False,True,84.445
0 days 01:55:09.599000,STR,18,0 days 00:01:24.463000,42.0,2.0,,,0 days 00:00:30.118000,0 days 00:00:30.262000,0 days 00:00:24.083000,0 days 01:54:15.270000,0 days 01:54:45.532000,0 days 01:55:09.615000,276.0,241.0,245.0,290.0,False,MEDIUM,29.0,False,Aston Martin,0 days 01:53:45.136000,2024-07-21 14:01:38.749,1,9.0,False,,False,True,84.463
0 days 01:56:34.193000,STR,18,0 days 00:01:24.594000,43.0,2.0,,,0 days 00:00:30.144000,0 days 00:00:30.458000,0 days 00:00:23.992000,0 days 01:55:39.759000,0 days 01:56:10.217000,0 days 01:56:34.209000,280.0,237.0,243.0,288.0,False,MEDIUM,30.0,False,Aston Martin,0 days 01:55:09.599000,2024-07-21 14:03:03.212,1,9.0,False,,False,True,84.594
0 days 01:57:58.942000,STR,18,0 days 00:01:24.749000,44.0,2.0,,,0 days 00:00:30.283000,0 days 00:00:30.506000,0 days 00:00:23.960000,0 days 01:57:04.492000,0 days 01:57:34.998000,0 days 01:57:58.958000,281.0,238.0,245.0,287.0,False,MEDIUM,31.0,False,Aston Martin,0 days 01:56:34.193000,2024-07-21 14:04:27.806,1,9.0,False,,False,True,84.749
0 days 01:59:26.040000,STR,18,0 days 00:01:27.098000,45.0,2.0,,0 days 01:59:24.306000,0 days 00:00:30.185000,0 days 00:00:30.451000,0 days 00:00:26.462000,0 days 01:58:29.143000,0 days 01:58:59.594000,0 days 01:59:26.056000,279.0,237.0,,288.0,False,MEDIUM,32.0,False,Aston Martin,0 days 01:57:58.942000,2024-07-21 14:05:52.555,1,10.0,False,,False,False,87.098
0 days 02:01:08.094000,STR,18,0 days 00:01:42.054000,46.0,3.0,0 days 01:59:46.684000,,0 days 00:00:48.414000,0 days 00:00:30.016000,0 days 00:00:23.624000,0 days 02:00:14.470000,0 days 02:00:44.486000,0 days 02:01:08.110000,281.0,241.0,255.0,,False,HARD,2.0,False,Aston Martin,0 days 01:59:26.040000,2024-07-21 14:07:19.653,1,14.0,False,,False,False,102.054
0 days 02:02:30.930000,STR,18,0 days 00:01:22.836000,47.0,3.0,,,0 days 00:00:29.664000,0 days 00:00:29.596000,0 days 00:00:23.576000,0 days 02:01:37.774000,0 days 02:02:07.370000,0 days 02:02:30.946000,278.0,243.0,253.0,304.0,True,HARD,3.0,False,Aston Martin,0 days 02:01:08.094000,2024-07-21 14:09:01.707,1,13.0,False,,False,True,82.836
0 days 02:03:53.268000,STR,18,0 days 00:01:22.338000,48.0,3.0,,,0 days 00:00:29.482000,0 days 00:00:29.462000,0 days 00:00:23.394000,0 days 02:03:00.428000,0 days 02:03:29.890000,0 days 02:03:53.284000,276.0,244.0,247.0,309.0,True,HARD,4.0,False,Aston Martin,0 days 02:02:30.930000,2024-07-21 14:10:24.543,1,12.0,False,,False,True,82.338
0 days 02:05:16.046000,STR,18,0 days 00:01:22.778000,49.0,3.0,,,0 days 00:00:29.734000,0 days 00:00:29.573000,0 days 00:00:23.471000,0 days 02:04:23.018000,0 days 02:04:52.591000,0 days 02:05:16.062000,275.0,245.0,248.0,289.0,False,HARD,5.0,False,Aston Martin,0 days 02:03:53.268000,2024-07-21 14:11:46.881,1,12.0,False,,False,True,82.778
0 days 02:06:38.674000,STR,18,0 days 00:01:22.628000,50.0,3.0,,,0 days 00:00:29.618000,0 days 00:00:29.558000,0 days 00:00:23.452000,0 days 02:05:45.680000,0 days 02:06:15.238000,0 days 02:06:38.690000,278.0,244.0,248.0,291.0,False,HARD,6.0,False,Aston Martin,0 days 02:05:16.046000,2024-07-21 14:13:09.659,1,12.0,False,,False,True,82.628
0 days 02:08:01.745000,STR,18,0 days 00:01:23.071000,51.0,3.0,,,0 days 00:00:29.725000,0 days 00:00:29.721000,0 days 00:00:23.625000,0 days 02:07:08.415000,0 days 02:07:38.136000,0 days 02:08:01.761000,275.0,243.0,247.0,292.0,False,HARD,7.0,False,Aston Martin,0 days 02:06:38.674000,2024-07-21 14:14:32.287,1,12.0,False,,False,True,83.071
0 days 02:09:24.420000,STR,18,0 days 00:01:22.675000,52.0,3.0,,,0 days 00:00:29.604000,0 days 00:00:29.534000,0 days 00:00:23.537000,0 days 02:08:31.365000,0 days 02:09:00.899000,0 days 02:09:24.436000,281.0,245.0,249.0,293.0,False,HARD,8.0,False,Aston Martin,0 days 02:08:01.745000,2024-07-21 14:15:55.358,1,12.0,False,,False,True,82.675
0 days 02:10:47.246000,STR,18,0 days 00:01:22.826000,53.0,3.0,,,0 days 00:00:29.619000,0 days 00:00:29.641000,0 days 00:00:23.566000,0 days 02:09:54.055000,0 days 02:10:23.696000,0 days 02:10:47.262000,279.0,242.0,252.0,294.0,False,HARD,9.0,False,Aston Martin,0 days 02:09:24.420000,2024-07-21 14:17:18.033,1,12.0,False,,False,True,82.826
0 days 02:12:10.184000,STR,18,0 days 00:01:22.938000,54.0,3.0,,,0 days 00:00:29.553000,0 days 00:00:29.846000,0 days 00:00:23.539000,0 days 02:11:16.815000,0 days 02:11:46.661000,0 days 02:12:10.200000,267.0,243.0,253.0,308.0,False,HARD,10.0,False,Aston Martin,0 days 02:10:47.246000,2024-07-21 14:18:40.859,1,12.0,False,,False,True,82.938
0 days 02:13:32.832000,STR,18,0 days 00:01:22.648000,55.0,3.0,,,0 days 00:00:29.513000,0 days 00:00:29.615000,0 days 00:00:23.520000,0 days 02:12:39.713000,0 days 02:13:09.328000,0 days 02:13:32.848000,276.0,244.0,248.0,309.0,False,HARD,11.0,False,Aston Martin,0 days 02:12:10.184000,2024-07-21 14:20:03.797,1,11.0,False,,False,True,82.648
0 days 02:14:55.623000,STR,18,0 days 00:01:22.791000,56.0,3.0,,,0 days 00:00:29.760000,0 days 00:00:29.527000,0 days 00:00:23.504000,0 days 02:14:02.608000,0 days 02:14:32.135000,0 days 02:14:55.639000,277.0,243.0,247.0,290.0,False,HARD,12.0,False,Aston Martin,0 days 02:13:32.832000,2024-07-21 14:21:26.445,1,11.0,False,,False,True,82.791
0 days 02:16:18.552000,STR,18,0 days 00:01:22.929000,57.0,3.0,,,0 days 00:00:29.780000,0 days 00:00:29.548000,0 days 00:00:23.601000,0 days 02:15:25.419000,0 days 02:15:54.967000,0 days 02:16:18.568000,276.0,247.0,248.0,292.0,False,HARD,13.0,False,Aston Martin,0 days 02:14:55.623000,2024-07-21 14:22:49.236,1,11.0,False,,False,True,82.929
0 days 02:17:41.604000,STR,18,0 days 00:01:23.052000,58.0,3.0,,,0 days 00:00:29.686000,0 days 00:00:29.618000,0 days 00:00:23.748000,0 days 02:16:48.254000,0 days 02:17:17.872000,0 days 02:17:41.620000,,244.0,247.0,290.0,False,HARD,14.0,False,Aston Martin,0 days 02:16:18.552000,2024-07-21 14:24:12.165,1,11.0,False,,False,True,83.052
0 days 02:19:04.621000,STR,18,0 days 00:01:23.017000,59.0,3.0,,,0 days 00:00:29.766000,0 days 00:00:29.581000,0 days 00:00:23.670000,0 days 02:18:11.386000,0 days 02:18:40.967000,0 days 02:19:04.637000,283.0,244.0,246.0,,False,HARD,15.0,False,Aston Martin,0 days 02:17:41.604000,2024-07-21 14:25:35.217,1,11.0,False,,False,True,83.017
0 days 02:20:27.982000,STR,18,0 days 00:01:23.361000,60.0,3.0,,,0 days 00:00:29.841000,0 days 00:00:29.723000,0 days 00:00:23.797000,0 days 02:19:34.478000,0 days 02:20:04.201000,0 days 02:20:27.998000,282.0,243.0,246.0,,False,HARD,16.0,False,Aston Martin,0 days 02:19:04.621000,2024-07-21 14:26:58.234,1,11.0,False,,False,True,83.361
0 days 02:21:51.006000,STR,18,0 days 00:01:23.024000,61.0,3.0,,,0 days 00:00:29.791000,0 days 00:00:29.550000,0 days 00:00:23.683000,0 days 02:20:57.789000,0 days 02:21:27.339000,0 days 02:21:51.022000,284.0,245.0,247.0,291.0,False,HARD,17.0,False,Aston Martin,0 days 02:20:27.982000,2024-07-21 14:28:21.595,1,11.0,False,,False,True,83.024
0 days 02:23:14.583000,STR,18,0 days 00:01:23.577000,62.0,3.0,,,0 days 00:00:29.911000,0 days 00:00:29.756000,0 days 00:00:23.910000,0 days 02:22:20.933000,0 days 02:22:50.689000,0 days 02:23:14.599000,285.0,244.0,246.0,,False,HARD,18.0,False,Aston Martin,0 days 02:21:51.006000,2024-07-21 14:29:44.619,12,11.0,False,,False,True,83.577
0 days 02:24:38.412000,STR,18,0 days 00:01:23.829000,63.0,3.0,,,0 days 00:00:29.969000,0 days 00:00:29.861000,0 days 00:00:23.999000,0 days 02:23:44.568000,0 days 02:24:14.429000,0 days 02:24:38.428000,,244.0,247.0,,False,HARD,19.0,False,Aston Martin,0 days 02:23:14.583000,2024-07-21 14:31:08.196,1,11.0,False,,False,True,83.829
0 days 02:26:02.185000,STR,18,0 days 00:01:23.773000,64.0,3.0,,,0 days 00:00:29.992000,0 days 00:00:29.728000,0 days 00:00:24.053000,0 days 02:25:08.420000,0 days 02:25:38.148000,0 days 02:26:02.201000,,245.0,246.0,,False,HARD,20.0,False,Aston Martin,0 days 02:24:38.412000,2024-07-21 14:32:32.025,1,11.0,False,,False,True,83.773
0 days 02:27:25.368000,STR,18,0 days 00:01:23.183000,65.0,3.0,,,0 days 00:00:29.820000,0 days 00:00:29.610000,0 days 00:00:23.753000,0 days 02:26:32.021000,0 days 02:27:01.631000,0 days 02:27:25.384000,,247.0,246.0,293.0,False,HARD,21.0,False,Aston Martin,0 days 02:26:02.185000,2024-07-21 14:33:55.798,1,10.0,False,,False,True,83.183
0 days 02:28:48.793000,STR,18,0 days 00:01:23.425000,66.0,3.0,,,0 days 00:00:29.785000,0 days 00:00:29.799000,0 days 00:00:23.841000,0 days 02:27:55.169000,0 days 02:28:24.968000,0 days 02:28:48.809000,284.0,245.0,245.0,291.0,False,HARD,22.0,False,Aston Martin,0 days 02:27:25.368000,2024-07-21 14:35:18.981,1,10.0,False,,False,True,83.425
0 days 02:30:12.550000,STR,18,0 days 00:01:23.757000,67.0,3.0,,,0 days 00:00:30.081000,0 days 00:00:29.841000,0 days 00:00:23.835000,0 days 02:29:18.890000,0 days 02:29:48.731000,0 days 02:30:12.566000,,245.0,245.0,292.0,False,HARD,23.0,False,Aston Martin,0 days 02:28:48.793000,2024-07-21 14:36:42.406,1,10.0,False,,False,True,83.757
0 days 02:31:36.337000,STR,18,0 days 00:01:23.787000,68.0,3.0,,,0 days 00:00:30.062000,0 days 00:00:29.741000,0 days 00:00:23.984000,0 days 02:30:42.628000,0 days 02:31:12.369000,0 days 02:31:36.353000,283.0,245.0,251.0,,False,HARD,24.0,False,Aston Martin,0 days 02:30:12.550000,2024-07-21 14:38:06.163,1,10.0,False,,False,True,83.787
0 days 02:33:00.724000,STR,18,0 days 00:01:24.387000,69.0,3.0,,,0 days 00:00:29.900000,0 days 00:00:30.198000,0 days 00:00:24.289000,0 days 02:32:06.253000,0 days 02:32:36.451000,0 days 02:33:00.740000,285.0,245.0,249.0,308.0,False,HARD,25.0,False,Aston Martin,0 days 02:31:36.337000,2024-07-21 14:39:29.950,1,10.0,False,,False,True,84.387
0 days 02:34:25.167000,STR,18,0 days 00:01:24.443000,70.0,3.0,,,0 days 00:00:29.840000,0 days 00:00:30.496000,0 days 00:00:24.107000,0 days 02:33:30.580000,0 days 02:34:01.076000,0 days 02:34:25.183000,,241.0,251.0,307.0,False,HARD,26.0,False,Aston Martin,0 days 02:33:00.724000,2024-07-21 14:40:54.337,1,10.0,False,,False,True,84.443
0 days 00:56:37.078000,ALO,14,0 days 00:01:31.876000,1.0,1.0,,,,0 days 00:00:32.149000,0 days 00:00:24.132000,,0 days 00:56:13.034000,0 days 00:56:37.239000,254.0,233.0,245.0,260.0,False,SOFT,3.0,False,Aston Martin,0 days 00:55:04.938000,2024-07-21 13:02:58.551,1,6.0,False,,False,False,91.876
0 days 00:58:03.163000,ALO,14,0 days 00:01:26.085000,2.0,1.0,,,0 days 00:00:30.715000,0 days 00:00:31.405000,0 days 00:00:23.965000,0 days 00:57:07.812000,0 days 00:57:39.217000,0 days 00:58:03.182000,263.0,232.0,243.0,290.0,True,SOFT,4.0,False,Aston Martin,0 days 00:56:37.078000,2024-07-21 13:04:30.691,1,6.0,False,,False,True,86.085
0 days 00:59:30.071000,ALO,14,0 days 00:01:26.908000,3.0,1.0,,,0 days 00:00:31.214000,0 days 00:00:31.877000,0 days 00:00:23.817000,0 days 00:58:34.396000,0 days 00:59:06.273000,0 days 00:59:30.090000,257.0,230.0,243.0,286.0,False,SOFT,5.0,False,Aston Martin,0 days 00:58:03.163000,2024-07-21 13:05:56.776,1,7.0,False,,False,True,86.908
0 days 01:00:56.080000,ALO,14,0 days 00:01:26.009000,4.0,1.0,,,0 days 00:00:30.820000,0 days 00:00:31.211000,0 days 00:00:23.978000,0 days 01:00:00.910000,0 days 01:00:32.121000,0 days 01:00:56.099000,272.0,232.0,243.0,289.0,True,SOFT,6.0,False,Aston Martin,0 days 00:59:30.071000,2024-07-21 13:07:23.684,1,7.0,False,,False,True,86.009
0 days 01:02:22.058000,ALO,14,0 days 00:01:25.978000,5.0,1.0,,,0 days 00:00:30.794000,0 days 00:00:31.186000,0 days 00:00:23.998000,0 days 01:01:26.893000,0 days 01:01:58.079000,0 days 01:02:22.077000,270.0,232.0,243.0,288.0,True,SOFT,7.0,False,Aston Martin,0 days 01:00:56.080000,2024-07-21 13:08:49.693,1,7.0,False,,False,True,85.978
0 days 01:03:47.912000,ALO,14,0 days 00:01:25.854000,6.0,1.0,,,0 days 00:00:30.596000,0 days 00:00:31.261000,0 days 00:00:23.997000,0 days 01:02:52.673000,0 days 01:03:23.934000,0 days 01:03:47.931000,266.0,231.0,243.0,287.0,True,SOFT,8.0,False,Aston Martin,0 days 01:02:22.058000,2024-07-21 13:10:15.671,1,7.0,False,,False,True,85.854
0 days 01:05:14.073000,ALO,14,0 days 00:01:26.161000,7.0,1.0,,0 days 01:05:12.367000,0 days 00:00:29.968000,0 days 00:00:30.288000,0 days 00:00:25.905000,0 days 01:04:17.899000,0 days 01:04:48.187000,0 days 01:05:14.092000,274.0,238.0,,286.0,False,SOFT,9.0,False,Aston Martin,0 days 01:03:47.912000,2024-07-21 13:11:41.525,1,8.0,False,,False,False,86.161
0 days 01:06:57.365000,ALO,14,0 days 00:01:43.292000,8.0,2.0,0 days 01:05:34.905000,,0 days 00:00:49.320000,0 days 00:00:30.736000,0 days 00:00:23.236000,0 days 01:06:03.412000,0 days 01:06:34.148000,0 days 01:06:57.384000,261.0,235.0,245.0,,False,MEDIUM,2.0,False,Aston Martin,0 days 01:05:14.073000,2024-07-21 13:13:07.686,1,15.0,False,,False,False,103.292
0 days 01:08:22.333000,ALO,14,0 days 00:01:24.968000,9.0,2.0,,,0 days 00:00:30.417000,0 days 00:00:30.846000,0 days 00:00:23.705000,0 days 01:07:27.801000,0 days 01:07:58.647000,0 days 01:08:22.352000,267.0,234.0,244.0,287.0,True,MEDIUM,3.0,False,Aston Martin,0 days 01:06:57.365000,2024-07-21 13:14:50.978,1,14.0,False,,False,True,84.968
0 days 01:09:47.508000,ALO,14,0 days 00:01:25.175000,10.0,2.0,,,0 days 00:00:30.672000,0 days 00:00:30.706000,0 days 00:00:23.797000,0 days 01:08:53.024000,0 days 01:09:23.730000,0 days 01:09:47.527000,272.0,234.0,245.0,288.0,False,MEDIUM,4.0,False,Aston Martin,0 days 01:08:22.333000,2024-07-21 13:16:15.946,1,14.0,False,,False,True,85.175
0 days 01:11:12.139000,ALO,14,0 days 00:01:24.631000,11.0,2.0,,,0 days 00:00:30.175000,0 days 00:00:30.608000,0 days 00:00:23.848000,0 days 01:10:17.702000,0 days 01:10:48.310000,0 days 01:11:12.158000,274.0,233.0,244.0,287.0,True,MEDIUM,5.0,False,Aston Martin,0 days 01:09:47.508000,2024-07-21 13:17:41.121,1,14.0,False,,False,True,84.631
0 days 01:12:36.952000,ALO,14,0 days 00:01:24.813000,12.0,2.0,,,0 days 00:00:30.311000,0 days 00:00:30.619000,0 days 00:00:23.883000,0 days 01:11:42.469000,0 days 01:12:13.088000,0 days 01:12:36.971000,,236.0,244.0,288.0,False,MEDIUM,6.0,False,Aston Martin,0 days 01:11:12.139000,2024-07-21 13:19:05.752,1,14.0,False,,False,True,84.813
0 days 01:14:02.360000,ALO,14,0 days 00:01:25.408000,13.0,2.0,,,0 days 00:00:30.799000,0 days 00:00:30.685000,0 days 00:00:23.924000,0 days 01:13:07.770000,0 days 01:13:38.455000,0 days 01:14:02.379000,275.0,236.0,242.0,,False,MEDIUM,7.0,False,Aston Martin,0 days 01:12:36.952000,2024-07-21 13:20:30.565,1,14.0,False,,False,True,85.408
0 days 01:15:27.300000,ALO,14,0 days 00:01:24.940000,14.0,2.0,,,0 days 00:00:30.336000,0 days 00:00:30.695000,0 days 00:00:23.909000,0 days 01:14:32.715000,0 days 01:15:03.410000,0 days 01:15:27.319000,278.0,234.0,244.0,,False,MEDIUM,8.0,False,Aston Martin,0 days 01:14:02.360000,2024-07-21 13:21:55.973,1,14.0,False,,False,True,84.94
0 days 01:16:52.675000,ALO,14,0 days 00:01:25.375000,15.0,2.0,,,0 days 00:00:30.607000,0 days 00:00:30.953000,0 days 00:00:23.815000,0 days 01:15:57.926000,0 days 01:16:28.879000,0 days 01:16:52.694000,276.0,235.0,243.0,289.0,False,MEDIUM,9.0,False,Aston Martin,0 days 01:15:27.300000,2024-07-21 13:23:20.913,1,13.0,False,,False,True,85.375
0 days 01:18:18.242000,ALO,14,0 days 00:01:25.567000,16.0,2.0,,,0 days 00:00:30.521000,0 days 00:00:31.029000,0 days 00:00:24.017000,0 days 01:17:23.215000,0 days 01:17:54.244000,0 days 01:18:18.261000,,235.0,245.0,288.0,False,MEDIUM,10.0,False,Aston Martin,0 days 01:16:52.675000,2024-07-21 13:24:46.288,1,13.0,False,,False,True,85.567
0 days 01:19:43.878000,ALO,14,0 days 00:01:25.636000,17.0,2.0,,,0 days 00:00:30.603000,0 days 00:00:31.119000,0 days 00:00:23.914000,0 days 01:18:48.864000,0 days 01:19:19.983000,0 days 01:19:43.897000,278.0,233.0,244.0,287.0,False,MEDIUM,11.0,False,Aston Martin,0 days 01:18:18.242000,2024-07-21 13:26:11.855,1,12.0,False,,False,True,85.636
0 days 01:21:08.865000,ALO,14,0 days 00:01:24.987000,18.0,2.0,,,0 days 00:00:30.371000,0 days 00:00:30.609000,0 days 00:00:24.007000,0 days 01:20:14.268000,0 days 01:20:44.877000,0 days 01:21:08.884000,280.0,236.0,245.0,288.0,False,MEDIUM,12.0,False,Aston Martin,0 days 01:19:43.878000,2024-07-21 13:27:37.491,1,12.0,False,,False,True,84.987
0 days 01:22:33.948000,ALO,14,0 days 00:01:25.083000,19.0,2.0,,,0 days 00:00:30.248000,0 days 00:00:30.714000,0 days 00:00:24.121000,0 days 01:21:39.132000,0 days 01:22:09.846000,0 days 01:22:33.967000,281.0,236.0,246.0,,False,MEDIUM,13.0,False,Aston Martin,0 days 01:21:08.865000,2024-07-21 13:29:02.478,1,12.0,False,,False,True,85.083
0 days 01:23:58.755000,ALO,14,0 days 00:01:24.807000,20.0,2.0,,,0 days 00:00:30.217000,0 days 00:00:30.610000,0 days 00:00:23.980000,0 days 01:23:04.184000,0 days 01:23:34.794000,0 days 01:23:58.774000,,238.0,248.0,290.0,False,MEDIUM,14.0,False,Aston Martin,0 days 01:22:33.948000,2024-07-21 13:30:27.561,1,12.0,False,,False,True,84.807
0 days 01:25:23.972000,ALO,14,0 days 00:01:25.217000,21.0,2.0,,,0 days 00:00:30.238000,0 days 00:00:30.859000,0 days 00:00:24.120000,0 days 01:24:29.012000,0 days 01:24:59.871000,0 days 01:25:23.991000,283.0,238.0,249.0,303.0,False,MEDIUM,15.0,False,Aston Martin,0 days 01:23:58.755000,2024-07-21 13:31:52.368,1,12.0,False,,False,True,85.217
0 days 01:26:49.131000,ALO,14,0 days 00:01:25.159000,22.0,2.0,,,0 days 00:00:30.126000,0 days 00:00:30.918000,0 days 00:00:24.115000,0 days 01:25:54.117000,0 days 01:26:25.035000,0 days 01:26:49.150000,280.0,239.0,249.0,305.0,False,MEDIUM,16.0,False,Aston Martin,0 days 01:25:23.972000,2024-07-21 13:33:17.585,1,12.0,False,,False,True,85.159
0 days 01:28:15.029000,ALO,14,0 days 00:01:25.898000,23.0,2.0,,,0 days 00:00:30.743000,0 days 00:00:30.966000,0 days 00:00:24.189000,0 days 01:27:19.893000,0 days 01:27:50.859000,0 days 01:28:15.048000,283.0,236.0,249.0,307.0,False,MEDIUM,17.0,False,Aston Martin,0 days 01:26:49.131000,2024-07-21 13:34:42.744,1,12.0,False,,False,True,85.898
0 days 01:29:40.964000,ALO,14,0 days 00:01:25.935000,24.0,2.0,,,0 days 00:00:30.103000,0 days 00:00:31.504000,0 days 00:00:24.328000,0 days 01:28:45.151000,0 days 01:29:16.655000,0 days 01:29:40.983000,250.0,236.0,247.0,305.0,False,MEDIUM,18.0,False,Aston Martin,0 days 01:28:15.029000,2024-07-21 13:36:08.642,1,12.0,False,,False,True,85.935
0 days 01:31:06.343000,ALO,14,0 days 00:01:25.379000,25.0,2.0,,,0 days 00:00:30.219000,0 days 00:00:31.024000,0 days 00:00:24.136000,0 days 01:30:11.202000,0 days 01:30:42.226000,0 days 01:31:06.362000,275.0,237.0,250.0,304.0,False,MEDIUM,19.0,False,Aston Martin,0 days 01:29:40.964000,2024-07-21 13:37:34.577,1,12.0,False,,False,True,85.379
0 days 01:32:32.232000,ALO,14,0 days 00:01:25.889000,26.0,2.0,,,0 days 00:00:30.239000,0 days 00:00:31.514000,0 days 00:00:24.136000,0 days 01:31:36.601000,0 days 01:32:08.115000,0 days 01:32:32.251000,244.0,238.0,249.0,308.0,False,MEDIUM,20.0,False,Aston Martin,0 days 01:31:06.343000,2024-07-21 13:38:59.956,1,12.0,False,,False,True,85.889
0 days 01:33:56.935000,ALO,14,0 days 00:01:24.703000,27.0,2.0,,,0 days 00:00:29.981000,0 days 00:00:30.526000,0 days 00:00:24.196000,0 days 01:33:02.232000,0 days 01:33:32.758000,0 days 01:33:56.954000,280.0,240.0,251.0,,False,MEDIUM,21.0,False,Aston Martin,0 days 01:32:32.232000,2024-07-21 13:40:25.845,1,11.0,False,,False,True,84.703
0 days 01:35:23.177000,ALO,14,0 days 00:01:26.242000,28.0,2.0,,,0 days 00:00:30.254000,0 days 00:00:31.585000,0 days 00:00:24.403000,0 days 01:34:27.208000,0 days 01:34:58.793000,0 days 01:35:23.196000,243.0,236.0,248.0,307.0,False,MEDIUM,22.0,False,Aston Martin,0 days 01:33:56.935000,2024-07-21 13:41:50.548,1,10.0,False,,False,True,86.242
0 days 01:36:46.969000,ALO,14,0 days 00:01:23.792000,29.0,2.0,,,0 days 00:00:29.759000,0 days 00:00:30.194000,0 days 00:00:23.839000,0 days 01:35:52.955000,0 days 01:36:23.149000,0 days 01:36:46.988000,279.0,241.0,244.0,301.0,True,MEDIUM,23.0,False,Aston Martin,0 days 01:35:23.177000,2024-07-21 13:43:16.790,1,9.0,False,,False,True,83.792
0 days 01:38:11.310000,ALO,14,0 days 00:01:24.341000,30.0,2.0,,,0 days 00:00:30.081000,0 days 00:00:30.253000,0 days 00:00:24.007000,0 days 01:37:17.069000,0 days 01:37:47.322000,0 days 01:38:11.329000,278.0,242.0,244.0,287.0,False,MEDIUM,24.0,False,Aston Martin,0 days 01:36:46.969000,2024-07-21 13:44:40.582,1,8.0,False,,False,True,84.341
0 days 01:39:35.632000,ALO,14,0 days 00:01:24.322000,31.0,2.0,,,0 days 00:00:30.085000,0 days 00:00:30.273000,0 days 00:00:23.964000,0 days 01:38:41.414000,0 days 01:39:11.687000,0 days 01:39:35.651000,,239.0,245.0,288.0,False,MEDIUM,25.0,False,Aston Martin,0 days 01:38:11.310000,2024-07-21 13:46:04.923,1,8.0,False,,False,True,84.322
0 days 01:40:59.688000,ALO,14,0 days 00:01:24.056000,32.0,2.0,,,0 days 00:00:30.084000,0 days 00:00:30.135000,0 days 00:00:23.837000,0 days 01:40:05.735000,0 days 01:40:35.870000,0 days 01:40:59.707000,279.0,240.0,245.0,,False,MEDIUM,26.0,False,Aston Martin,0 days 01:39:35.632000,2024-07-21 13:47:29.245,1,8.0,False,,False,True,84.056
0 days 01:42:24.090000,ALO,14,0 days 00:01:24.402000,33.0,2.0,,,0 days 00:00:30.219000,0 days 00:00:30.284000,0 days 00:00:23.899000,0 days 01:41:29.926000,0 days 01:42:00.210000,0 days 01:42:24.109000,,239.0,246.0,287.0,False,MEDIUM,27.0,False,Aston Martin,0 days 01:40:59.688000,2024-07-21 13:48:53.301,1,8.0,False,,False,True,84.402
0 days 01:43:48.799000,ALO,14,0 days 00:01:24.709000,34.0,2.0,,,0 days 00:00:30.394000,0 days 00:00:30.355000,0 days 00:00:23.960000,0 days 01:42:54.503000,0 days 01:43:24.858000,0 days 01:43:48.818000,,237.0,245.0,,False,MEDIUM,28.0,False,Aston Martin,0 days 01:42:24.090000,2024-07-21 13:50:17.703,1,7.0,False,,False,True,84.709
0 days 01:45:13.509000,ALO,14,0 days 00:01:24.710000,35.0,2.0,,,0 days 00:00:30.339000,0 days 00:00:30.348000,0 days 00:00:24.023000,0 days 01:44:19.157000,0 days 01:44:49.505000,0 days 01:45:13.528000,276.0,240.0,245.0,,False,MEDIUM,29.0,False,Aston Martin,0 days 01:43:48.799000,2024-07-21 13:51:42.412,1,7.0,False,,False,True,84.71
0 days 01:46:38.207000,ALO,14,0 days 00:01:24.698000,36.0,2.0,,,0 days 00:00:30.224000,0 days 00:00:30.371000,0 days 00:00:24.103000,0 days 01:45:43.752000,0 days 01:46:14.123000,0 days 01:46:38.226000,,239.0,245.0,286.0,False,MEDIUM,30.0,False,Aston Martin,0 days 01:45:13.509000,2024-07-21 13:53:07.122,1,7.0,False,,False,True,84.698
0 days 01:48:05.531000,ALO,14,0 days 00:01:27.324000,37.0,2.0,,0 days 01:48:03.791000,0 days 00:00:30.336000,0 days 00:00:30.699000,0 days 00:00:26.289000,0 days 01:47:08.562000,0 days 01:47:39.261000,0 days 01:48:05.550000,274.0,241.0,,287.0,False,MEDIUM,31.0,False,Aston Martin,0 days 01:46:38.207000,2024-07-21 13:54:31.820,1,8.0,False,,False,False,87.324
0 days 01:49:46.360000,ALO,14,0 days 00:01:40.829000,38.0,3.0,0 days 01:48:25.670000,,0 days 00:00:48.156000,0 days 00:00:29.566000,0 days 00:00:23.107000,0 days 01:48:53.706000,0 days 01:49:23.272000,0 days 01:49:46.379000,276.0,245.0,253.0,,False,HARD,2.0,False,Aston Martin,0 days 01:48:05.531000,2024-07-21 13:55:59.144,1,13.0,False,,False,False,100.829
0 days 01:51:09.936000,ALO,14,0 days 00:01:23.576000,39.0,3.0,,,0 days 00:00:29.409000,0 days 00:00:30.442000,0 days 00:00:23.725000,0 days 01:50:15.788000,0 days 01:50:46.230000,0 days 01:51:09.955000,267.0,237.0,246.0,307.0,True,HARD,3.0,False,Aston Martin,0 days 01:49:46.360000,2024-07-21 13:57:39.973,1,12.0,False,,False,True,83.576
0 days 01:52:33.727000,ALO,14,0 days 00:01:23.791000,40.0,3.0,,,0 days 00:00:30.106000,0 days 00:00:29.980000,0 days 00:00:23.705000,0 days 01:51:40.061000,0 days 01:52:10.041000,0 days 01:52:33.746000,276.0,238.0,246.0,288.0,False,HARD,4.0,False,Aston Martin,0 days 01:51:09.936000,2024-07-21 13:59:03.549,1,12.0,False,,False,True,83.791
0 days 01:53:57.630000,ALO,14,0 days 00:01:23.903000,41.0,3.0,,,0 days 00:00:30.345000,0 days 00:00:30.040000,0 days 00:00:23.518000,0 days 01:53:04.091000,0 days 01:53:34.131000,0 days 01:53:57.649000,274.0,243.0,253.0,290.0,False,HARD,5.0,False,Aston Martin,0 days 01:52:33.727000,2024-07-21 14:00:27.340,1,12.0,False,,False,True,83.903
0 days 01:55:21.090000,ALO,14,0 days 00:01:23.460000,42.0,3.0,,,0 days 00:00:29.620000,0 days 00:00:30.132000,0 days 00:00:23.708000,0 days 01:54:27.269000,0 days 01:54:57.401000,0 days 01:55:21.109000,273.0,237.0,247.0,307.0,True,HARD,6.0,False,Aston Martin,0 days 01:53:57.630000,2024-07-21 14:01:51.243,1,11.0,False,,False,True,83.46
0 days 01:56:45.137000,ALO,14,0 days 00:01:24.047000,43.0,3.0,,,0 days 00:00:30.197000,0 days 00:00:30.194000,0 days 00:00:23.656000,0 days 01:55:51.306000,0 days 01:56:21.500000,0 days 01:56:45.156000,274.0,238.0,247.0,288.0,False,HARD,7.0,False,Aston Martin,0 days 01:55:21.090000,2024-07-21 14:03:14.703,1,11.0,False,,False,True,84.047
0 days 01:58:09.213000,ALO,14,0 days 00:01:24.076000,44.0,3.0,,,0 days 00:00:30.368000,0 days 00:00:30.074000,0 days 00:00:23.634000,0 days 01:57:15.524000,0 days 01:57:45.598000,0 days 01:58:09.232000,273.0,237.0,247.0,,False,HARD,8.0,False,Aston Martin,0 days 01:56:45.137000,2024-07-21 14:04:38.750,1,11.0,False,,False,True,84.076
0 days 01:59:32.840000,ALO,14,0 days 00:01:23.627000,45.0,3.0,,,0 days 00:00:30.041000,0 days 00:00:29.892000,0 days 00:00:23.694000,0 days 01:58:39.273000,0 days 01:59:09.165000,0 days 01:59:32.859000,274.0,240.0,247.0,290.0,False,HARD,9.0,False,Aston Martin,0 days 01:58:09.213000,2024-07-21 14:06:02.826,1,11.0,False,,False,True,83.627
0 days 02:00:56.606000,ALO,14,0 days 00:01:23.766000,46.0,3.0,,,0 days 00:00:30.215000,0 days 00:00:30.057000,0 days 00:00:23.494000,0 days 02:00:03.074000,0 days 02:00:33.131000,0 days 02:00:56.625000,271.0,241.0,248.0,289.0,False,HARD,10.0,False,Aston Martin,0 days 01:59:32.840000,2024-07-21 14:07:26.453,1,10.0,False,,False,True,83.766
0 days 02:02:20.336000,ALO,14,0 days 00:01:23.730000,47.0,3.0,,,0 days 00:00:30.170000,0 days 00:00:29.925000,0 days 00:00:23.635000,0 days 02:01:26.795000,0 days 02:01:56.720000,0 days 02:02:20.355000,274.0,238.0,249.0,,False,HARD,11.0,False,Aston Martin,0 days 02:00:56.606000,2024-07-21 14:08:50.219,1,10.0,False,,False,True,83.73
0 days 02:03:44.217000,ALO,14,0 days 00:01:23.881000,48.0,3.0,,,0 days 00:00:30.026000,0 days 00:00:30.026000,0 days 00:00:23.829000,0 days 02:02:50.381000,0 days 02:03:20.407000,0 days 02:03:44.236000,,238.0,248.0,,False,HARD,12.0,False,Aston Martin,0 days 02:02:20.336000,2024-07-21 14:10:13.949,1,10.0,False,,False,True,83.881
0 days 02:05:07.847000,ALO,14,0 days 00:01:23.630000,49.0,3.0,,,0 days 00:00:29.971000,0 days 00:00:29.851000,0 days 00:00:23.808000,0 days 02:04:14.207000,0 days 02:04:44.058000,0 days 02:05:07.866000,275.0,241.0,248.0,290.0,False,HARD,13.0,False,Aston Martin,0 days 02:03:44.217000,2024-07-21 14:11:37.830,1,10.0,False,,False,True,83.63
0 days 02:06:31.330000,ALO,14,0 days 00:01:23.483000,50.0,3.0,,,0 days 00:00:30.003000,0 days 00:00:29.832000,0 days 00:00:23.648000,0 days 02:05:37.869000,0 days 02:06:07.701000,0 days 02:06:31.349000,274.0,241.0,249.0,289.0,False,HARD,14.0,False,Aston Martin,0 days 02:05:07.847000,2024-07-21 14:13:01.460,1,10.0,False,,False,True,83.483
0 days 02:07:54.762000,ALO,14,0 days 00:01:23.432000,51.0,3.0,,,0 days 00:00:29.906000,0 days 00:00:29.823000,0 days 00:00:23.703000,0 days 02:07:01.255000,0 days 02:07:31.078000,0 days 02:07:54.781000,275.0,241.0,249.0,290.0,True,HARD,15.0,False,Aston Martin,0 days 02:06:31.330000,2024-07-21 14:14:24.943,1,10.0,False,,False,True,83.432
0 days 02:09:17.825000,ALO,14,0 days 00:01:23.063000,52.0,3.0,,,0 days 00:00:29.762000,0 days 00:00:29.691000,0 days 00:00:23.610000,0 days 02:08:24.543000,0 days 02:08:54.234000,0 days 02:09:17.844000,276.0,241.0,249.0,293.0,True,HARD,16.0,False,Aston Martin,0 days 02:07:54.762000,2024-07-21 14:15:48.375,1,10.0,False,,False,True,83.063
0 days 02:10:40.965000,ALO,14,0 days 00:01:23.140000,53.0,3.0,,,0 days 00:00:29.824000,0 days 00:00:29.692000,0 days 00:00:23.624000,0 days 02:09:47.668000,0 days 02:10:17.360000,0 days 02:10:40.984000,275.0,241.0,249.0,292.0,False,HARD,17.0,False,Aston Martin,0 days 02:09:17.825000,2024-07-21 14:17:11.438,1,10.0,False,,False,True,83.14
0 days 02:12:04.131000,ALO,14,0 days 00:01:23.166000,54.0,3.0,,,0 days 00:00:29.808000,0 days 00:00:29.642000,0 days 00:00:23.716000,0 days 02:11:10.792000,0 days 02:11:40.434000,0 days 02:12:04.150000,276.0,243.0,249.0,293.0,False,HARD,18.0,False,Aston Martin,0 days 02:10:40.965000,2024-07-21 14:18:34.578,1,10.0,False,,False,True,83.166
0 days 02:13:27.239000,ALO,14,0 days 00:01:23.108000,55.0,3.0,,,0 days 00:00:29.741000,0 days 00:00:29.707000,0 days 00:00:23.660000,0 days 02:12:33.891000,0 days 02:13:03.598000,0 days 02:13:27.258000,,243.0,249.0,292.0,False,HARD,19.0,False,Aston Martin,0 days 02:12:04.131000,2024-07-21 14:19:57.744,1,10.0,False,,False,True,83.108
0 days 02:14:50.566000,ALO,14,0 days 00:01:23.327000,56.0,3.0,,,0 days 00:00:29.842000,0 days 00:00:29.822000,0 days 00:00:23.663000,0 days 02:13:57.100000,0 days 02:14:26.922000,0 days 02:14:50.585000,277.0,241.0,248.0,290.0,False,HARD,20.0,False,Aston Martin,0 days 02:13:27.239000,2024-07-21 14:21:20.852,1,10.0,False,,False,True,83.327
0 days 02:16:13.892000,ALO,14,0 days 00:01:23.326000,57.0,3.0,,,0 days 00:00:29.811000,0 days 00:00:29.795000,0 days 00:00:23.720000,0 days 02:15:20.396000,0 days 02:15:50.191000,0 days 02:16:13.911000,279.0,244.0,249.0,293.0,False,HARD,21.0,False,Aston Martin,0 days 02:14:50.566000,2024-07-21 14:22:44.179,1,10.0,False,,False,True,83.326
0 days 02:17:37.181000,ALO,14,0 days 00:01:23.289000,58.0,3.0,,,0 days 00:00:29.793000,0 days 00:00:29.707000,0 days 00:00:23.789000,0 days 02:16:43.704000,0 days 02:17:13.411000,0 days 02:17:37.200000,281.0,243.0,247.0,292.0,False,HARD,22.0,False,Aston Martin,0 days 02:16:13.892000,2024-07-21 14:24:07.505,1,10.0,False,,False,True,83.289
0 days 02:19:00.821000,ALO,14,0 days 00:01:23.640000,59.0,3.0,,,0 days 00:00:29.852000,0 days 00:00:29.945000,0 days 00:00:23.843000,0 days 02:18:07.052000,0 days 02:18:36.997000,0 days 02:19:00.840000,279.0,243.0,247.0,291.0,False,HARD,23.0,False,Aston Martin,0 days 02:17:37.181000,2024-07-21 14:25:30.794,1,10.0,False,,False,True,83.64
0 days 02:20:24.571000,ALO,14,0 days 00:01:23.750000,60.0,3.0,,,0 days 00:00:29.855000,0 days 00:00:30.024000,0 days 00:00:23.871000,0 days 02:19:30.695000,0 days 02:20:00.719000,0 days 02:20:24.590000,281.0,242.0,247.0,292.0,False,HARD,24.0,False,Aston Martin,0 days 02:19:00.821000,2024-07-21 14:26:54.434,1,10.0,False,,False,True,83.75
0 days 02:21:48.567000,ALO,14,0 days 00:01:23.996000,61.0,3.0,,,0 days 00:00:29.892000,0 days 00:00:30.186000,0 days 00:00:23.918000,0 days 02:20:54.482000,0 days 02:21:24.668000,0 days 02:21:48.586000,280.0,237.0,247.0,,False,HARD,25.0,False,Aston Martin,0 days 02:20:24.571000,2024-07-21 14:28:18.184,1,10.0,False,,False,True,83.996
0 days 02:23:12.478000,ALO,14,0 days 00:01:23.911000,62.0,3.0,,,0 days 00:00:29.997000,0 days 00:00:30.026000,0 days 00:00:23.888000,0 days 02:22:18.583000,0 days 02:22:48.609000,0 days 02:23:12.497000,278.0,242.0,248.0,,False,HARD,26.0,False,Aston Martin,0 days 02:21:48.567000,2024-07-21 14:29:42.180,12,10.0,False,,False,True,83.911
0 days 02:24:36.678000,ALO,14,0 days 00:01:24.200000,63.0,3.0,,,0 days 00:00:30.097000,0 days 00:00:30.188000,0 days 00:00:23.915000,0 days 02:23:42.594000,0 days 02:24:12.782000,0 days 02:24:36.697000,277.0,243.0,247.0,,False,HARD,27.0,False,Aston Martin,0 days 02:23:12.478000,2024-07-21 14:31:06.091,1,10.0,False,,False,True,84.2
0 days 02:26:01.365000,ALO,14,0 days 00:01:24.687000,64.0,3.0,,,0 days 00:00:30.193000,0 days 00:00:30.230000,0 days 00:00:24.264000,0 days 02:25:06.890000,0 days 02:25:37.120000,0 days 02:26:01.384000,,244.0,242.0,291.0,False,HARD,28.0,False,Aston Martin,0 days 02:24:36.678000,2024-07-21 14:32:30.291,1,10.0,False,,False,True,84.687
0 days 02:27:27.281000,ALO,14,0 days 00:01:25.916000,65.0,3.0,,,0 days 00:00:31.500000,0 days 00:00:30.440000,0 days 00:00:23.976000,0 days 02:26:32.884000,0 days 02:27:03.324000,0 days 02:27:27.300000,282.0,243.0,248.0,275.0,False,HARD,29.0,False,Aston Martin,0 days 02:26:01.365000,2024-07-21 14:33:54.978,1,11.0,False,,False,True,85.916
0 days 02:28:51.862000,ALO,14,0 days 00:01:24.581000,66.0,3.0,,,0 days 00:00:30.081000,0 days 00:00:30.501000,0 days 00:00:23.999000,0 days 02:27:57.381000,0 days 02:28:27.882000,0 days 02:28:51.881000,277.0,242.0,247.0,292.0,False,HARD,30.0,False,Aston Martin,0 days 02:27:27.281000,2024-07-21 14:35:20.894,1,11.0,False,,False,True,84.581
0 days 02:30:16.031000,ALO,14,0 days 00:01:24.169000,67.0,3.0,,,0 days 00:00:30.060000,0 days 00:00:30.113000,0 days 00:00:23.996000,0 days 02:29:21.941000,0 days 02:29:52.054000,0 days 02:30:16.050000,279.0,243.0,248.0,293.0,False,HARD,31.0,False,Aston Martin,0 days 02:28:51.862000,2024-07-21 14:36:45.475,1,11.0,False,,False,True,84.169
0 days 02:31:40.123000,ALO,14,0 days 00:01:24.092000,68.0,3.0,,,0 days 00:00:30.131000,0 days 00:00:30.077000,0 days 00:00:23.884000,0 days 02:30:46.181000,0 days 02:31:16.258000,0 days 02:31:40.142000,278.0,244.0,248.0,,False,HARD,32.0,False,Aston Martin,0 days 02:30:16.031000,2024-07-21 14:38:09.644,1,11.0,False,,False,True,84.092
0 days 02:33:04.203000,ALO,14,0 days 00:01:24.080000,69.0,3.0,,,0 days 00:00:29.869000,0 days 00:00:30.277000,0 days 00:00:23.934000,0 days 02:32:10.011000,0 days 02:32:40.288000,0 days 02:33:04.222000,279.0,245.0,247.0,294.0,False,HARD,33.0,False,Aston Martin,0 days 02:31:40.123000,2024-07-21 14:39:33.736,1,11.0,False,,False,True,84.08
0 days 02:34:29.651000,ALO,14,0 days 00:01:25.448000,70.0,3.0,,,0 days 00:00:30.062000,0 days 00:00:30.965000,0 days 00:00:24.421000,0 days 02:33:34.284000,0 days 02:34:05.249000,0 days 02:34:29.670000,275.0,238.0,246.0,,False,HARD,34.0,False,Aston Martin,0 days 02:33:04.203000,2024-07-21 14:40:57.816,1,11.0,False,,False,True,85.448
0 days 00:56:39.531000,RIC,3,0 days 00:01:34.329000,1.0,1.0,,,,0 days 00:00:33.586000,0 days 00:00:24.326000,,0 days 00:56:15.288000,0 days 00:56:39.651000,227.0,232.0,245.0,268.0,False,MEDIUM,1.0,True,RB,0 days 00:55:04.938000,2024-07-21 13:02:58.551,1,11.0,False,,False,False,94.329
0 days 00:58:06.133000,RIC,3,0 days 00:01:26.602000,2.0,1.0,,,0 days 00:00:30.603000,0 days 00:00:31.780000,0 days 00:00:24.219000,0 days 00:57:10.173000,0 days 00:57:41.953000,0 days 00:58:06.172000,267.0,233.0,249.0,290.0,True,MEDIUM,2.0,True,RB,0 days 00:56:39.531000,2024-07-21 13:04:33.144,1,11.0,False,,False,True,86.602
0 days 00:59:32.678000,RIC,3,0 days 00:01:26.545000,3.0,1.0,,,0 days 00:00:30.497000,0 days 00:00:31.793000,0 days 00:00:24.255000,0 days 00:58:36.669000,0 days 00:59:08.462000,0 days 00:59:32.717000,271.0,232.0,250.0,305.0,True,MEDIUM,3.0,True,RB,0 days 00:58:06.133000,2024-07-21 13:05:59.746,1,11.0,False,,False,True,86.545
0 days 01:00:58.886000,RIC,3,0 days 00:01:26.208000,4.0,1.0,,,0 days 00:00:30.495000,0 days 00:00:31.600000,0 days 00:00:24.113000,0 days 01:00:03.212000,0 days 01:00:34.812000,0 days 01:00:58.925000,267.0,230.0,249.0,307.0,True,MEDIUM,4.0,True,RB,0 days 00:59:32.678000,2024-07-21 13:07:26.291,1,11.0,False,,False,True,86.208
0 days 01:02:24.896000,RIC,3,0 days 00:01:26.010000,5.0,1.0,,,0 days 00:00:30.315000,0 days 00:00:31.534000,0 days 00:00:24.161000,0 days 01:01:29.240000,0 days 01:02:00.774000,0 days 01:02:24.935000,268.0,229.0,250.0,302.0,True,MEDIUM,5.0,True,RB,0 days 01:00:58.886000,2024-07-21 13:08:52.499,1,11.0,False,,False,True,86.01
0 days 01:03:50.613000,RIC,3,0 days 00:01:25.717000,6.0,1.0,,,0 days 00:00:30.296000,0 days 00:00:31.369000,0 days 00:00:24.052000,0 days 01:02:55.231000,0 days 01:03:26.600000,0 days 01:03:50.652000,271.0,232.0,249.0,305.0,True,MEDIUM,6.0,True,RB,0 days 01:02:24.896000,2024-07-21 13:10:18.509,1,9.0,False,,False,True,85.717
0 days 01:05:16.913000,RIC,3,0 days 00:01:26.300000,7.0,1.0,,0 days 01:05:15.255000,0 days 00:00:29.823000,0 days 00:00:30.388000,0 days 00:00:26.089000,0 days 01:04:20.475000,0 days 01:04:50.863000,0 days 01:05:16.952000,278.0,235.0,,298.0,False,MEDIUM,7.0,True,RB,0 days 01:03:50.613000,2024-07-21 13:11:44.226,1,10.0,False,,False,False,86.3
0 days 01:06:59.997000,RIC,3,0 days 00:01:43.084000,8.0,2.0,0 days 01:05:36.335000,,0 days 00:00:47.943000,0 days 00:00:31.260000,0 days 00:00:23.881000,0 days 01:06:04.895000,0 days 01:06:36.155000,0 days 01:07:00.036000,265.0,232.0,250.0,,False,HARD,1.0,True,RB,0 days 01:05:16.913000,2024-07-21 13:13:10.526,1,18.0,False,,False,False,103.084
0 days 01:08:24.705000,RIC,3,0 days 00:01:24.708000,9.0,2.0,,,0 days 00:00:29.843000,0 days 00:00:30.894000,0 days 00:00:23.971000,0 days 01:07:29.879000,0 days 01:08:00.773000,0 days 01:08:24.744000,273.0,232.0,252.0,305.0,True,HARD,2.0,True,RB,0 days 01:06:59.997000,2024-07-21 13:14:53.610,1,17.0,False,,False,True,84.708
0 days 01:09:49.850000,RIC,3,0 days 00:01:25.145000,10.0,2.0,,,0 days 00:00:30.083000,0 days 00:00:31.135000,0 days 00:00:23.927000,0 days 01:08:54.827000,0 days 01:09:25.962000,0 days 01:09:49.889000,271.0,232.0,252.0,308.0,False,HARD,3.0,True,RB,0 days 01:08:24.705000,2024-07-21 13:16:18.318,1,17.0,False,,False,True,85.145
0 days 01:11:14.755000,RIC,3,0 days 00:01:24.905000,11.0,2.0,,,0 days 00:00:30.148000,0 days 00:00:30.825000,0 days 00:00:23.932000,0 days 01:10:20.037000,0 days 01:10:50.862000,0 days 01:11:14.794000,275.0,234.0,249.0,305.0,False,HARD,4.0,True,RB,0 days 01:09:49.850000,2024-07-21 13:17:43.463,1,17.0,False,,False,True,84.905
0 days 01:12:39.565000,RIC,3,0 days 00:01:24.810000,12.0,2.0,,,0 days 00:00:30.219000,0 days 00:00:30.565000,0 days 00:00:24.026000,0 days 01:11:45.013000,0 days 01:12:15.578000,0 days 01:12:39.604000,281.0,236.0,248.0,301.0,False,HARD,5.0,True,RB,0 days 01:11:14.755000,2024-07-21 13:19:08.368,1,17.0,False,,False,True,84.81
0 days 01:14:04.834000,RIC,3,0 days 00:01:25.269000,13.0,2.0,,,0 days 00:00:30.180000,0 days 00:00:31.017000,0 days 00:00:24.072000,0 days 01:13:09.784000,0 days 01:13:40.801000,0 days 01:14:04.873000,279.0,233.0,251.0,303.0,False,HARD,6.0,True,RB,0 days 01:12:39.565000,2024-07-21 13:20:33.178,1,17.0,False,,False,True,85.269
0 days 01:15:30.218000,RIC,3,0 days 00:01:25.384000,14.0,2.0,,,0 days 00:00:30.279000,0 days 00:00:31.018000,0 days 00:00:24.087000,0 days 01:14:35.152000,0 days 01:15:06.170000,0 days 01:15:30.257000,277.0,234.0,249.0,306.0,False,HARD,7.0,True,RB,0 days 01:14:04.834000,2024-07-21 13:21:58.447,1,17.0,False,,False,True,85.384
0 days 01:16:56.460000,RIC,3,0 days 00:01:26.242000,15.0,2.0,,,0 days 00:00:30.722000,0 days 00:00:31.262000,0 days 00:00:24.258000,0 days 01:16:00.979000,0 days 01:16:32.241000,0 days 01:16:56.499000,275.0,234.0,244.0,302.0,False,HARD,8.0,True,RB,0 days 01:15:30.218000,2024-07-21 13:23:23.831,1,17.0,False,,False,True,86.242
0 days 01:18:22.130000,RIC,3,0 days 00:01:25.670000,16.0,2.0,,,0 days 00:00:30.501000,0 days 00:00:30.911000,0 days 00:00:24.258000,0 days 01:17:27,0 days 01:17:57.911000,0 days 01:18:22.169000,279.0,233.0,247.0,289.0,False,HARD,9.0,True,RB,0 days 01:16:56.460000,2024-07-21 13:24:50.073,1,17.0,False,,False,True,85.67
0 days 01:19:47.661000,RIC,3,0 days 00:01:25.531000,17.0,2.0,,,0 days 00:00:30.358000,0 days 00:00:30.908000,0 days 00:00:24.265000,0 days 01:18:52.527000,0 days 01:19:23.435000,0 days 01:19:47.700000,281.0,234.0,249.0,299.0,False,HARD,10.0,True,RB,0 days 01:18:22.130000,2024-07-21 13:26:15.743,1,16.0,False,,False,True,85.531
0 days 01:21:13.464000,RIC,3,0 days 00:01:25.803000,18.0,2.0,,,0 days 00:00:30.448000,0 days 00:00:30.992000,0 days 00:00:24.363000,0 days 01:20:18.148000,0 days 01:20:49.140000,0 days 01:21:13.503000,,234.0,247.0,300.0,False,HARD,11.0,True,RB,0 days 01:19:47.661000,2024-07-21 13:27:41.274,1,16.0,False,,False,True,85.803
0 days 01:22:39.098000,RIC,3,0 days 00:01:25.634000,19.0,2.0,,,0 days 00:00:30.287000,0 days 00:00:31.070000,0 days 00:00:24.277000,0 days 01:21:43.790000,0 days 01:22:14.860000,0 days 01:22:39.137000,280.0,233.0,247.0,301.0,False,HARD,12.0,True,RB,0 days 01:21:13.464000,2024-07-21 13:29:07.077,1,16.0,False,,False,True,85.634
0 days 01:24:04.565000,RIC,3,0 days 00:01:25.467000,20.0,2.0,,,0 days 00:00:30.255000,0 days 00:00:30.916000,0 days 00:00:24.296000,0 days 01:23:09.392000,0 days 01:23:40.308000,0 days 01:24:04.604000,,233.0,247.0,,False,HARD,13.0,True,RB,0 days 01:22:39.098000,2024-07-21 13:30:32.711,1,16.0,False,,False,True,85.467
0 days 01:25:30.138000,RIC,3,0 days 00:01:25.573000,21.0,2.0,,,0 days 00:00:30.564000,0 days 00:00:30.735000,0 days 00:00:24.274000,0 days 01:24:35.168000,0 days 01:25:05.903000,0 days 01:25:30.177000,278.0,236.0,249.0,300.0,False,HARD,14.0,True,RB,0 days 01:24:04.565000,2024-07-21 13:31:58.178,1,16.0,False,,False,True,85.573
0 days 01:26:55.538000,RIC,3,0 days 00:01:25.400000,22.0,2.0,,,0 days 00:00:30.489000,0 days 00:00:30.689000,0 days 00:00:24.222000,0 days 01:26:00.666000,0 days 01:26:31.355000,0 days 01:26:55.577000,280.0,236.0,248.0,302.0,False,HARD,15.0,True,RB,0 days 01:25:30.138000,2024-07-21 13:33:23.751,1,16.0,False,,False,True,85.4
0 days 01:28:21.202000,RIC,3,0 days 00:01:25.664000,23.0,2.0,,,0 days 00:00:30.347000,0 days 00:00:30.875000,0 days 00:00:24.442000,0 days 01:27:25.924000,0 days 01:27:56.799000,0 days 01:28:21.241000,282.0,236.0,247.0,301.0,False,HARD,16.0,True,RB,0 days 01:26:55.538000,2024-07-21 13:34:49.151,1,16.0,False,,False,True,85.664
0 days 01:29:46.813000,RIC,3,0 days 00:01:25.611000,24.0,2.0,,,0 days 00:00:30.458000,0 days 00:00:30.774000,0 days 00:00:24.379000,0 days 01:28:51.699000,0 days 01:29:22.473000,0 days 01:29:46.852000,280.0,234.0,246.0,300.0,False,HARD,17.0,True,RB,0 days 01:28:21.202000,2024-07-21 13:36:14.815,1,16.0,False,,False,True,85.611
0 days 01:31:12.060000,RIC,3,0 days 00:01:25.247000,25.0,2.0,,,0 days 00:00:30.205000,0 days 00:00:30.705000,0 days 00:00:24.337000,0 days 01:30:17.057000,0 days 01:30:47.762000,0 days 01:31:12.099000,282.0,235.0,248.0,299.0,False,HARD,18.0,True,RB,0 days 01:29:46.813000,2024-07-21 13:37:40.426,1,16.0,False,,False,True,85.247
0 days 01:32:37.749000,RIC,3,0 days 00:01:25.689000,26.0,2.0,,,0 days 00:00:30.492000,0 days 00:00:30.834000,0 days 00:00:24.363000,0 days 01:31:42.591000,0 days 01:32:13.425000,0 days 01:32:37.788000,283.0,235.0,247.0,301.0,False,HARD,19.0,True,RB,0 days 01:31:12.060000,2024-07-21 13:39:05.673,1,16.0,False,,False,True,85.689
0 days 01:34:03.680000,RIC,3,0 days 00:01:25.931000,27.0,2.0,,,0 days 00:00:30.531000,0 days 00:00:30.886000,0 days 00:00:24.514000,0 days 01:33:08.319000,0 days 01:33:39.205000,0 days 01:34:03.719000,281.0,234.0,247.0,,False,HARD,20.0,True,RB,0 days 01:32:37.749000,2024-07-21 13:40:31.362,1,16.0,False,,False,True,85.931
0 days 01:35:31.812000,RIC,3,0 days 00:01:28.132000,28.0,2.0,,0 days 01:35:30.100000,0 days 00:00:30.308000,0 days 00:00:30.959000,0 days 00:00:26.865000,0 days 01:34:34.027000,0 days 01:35:04.986000,0 days 01:35:31.851000,283.0,236.0,,,False,HARD,21.0,True,RB,0 days 01:34:03.680000,2024-07-21 13:41:57.293,1,17.0,False,,False,False,88.132
0 days 01:37:11.739000,RIC,3,0 days 00:01:39.927000,29.0,3.0,0 days 01:35:51.494000,,0 days 00:00:47.422000,0 days 00:00:29.361000,0 days 00:00:23.144000,0 days 01:36:19.273000,0 days 01:36:48.634000,0 days 01:37:11.778000,277.0,240.0,247.0,,False,HARD,1.0,True,RB,0 days 01:35:31.812000,2024-07-21 13:43:25.425,1,20.0,False,,False,False,99.927
0 days 01:38:34.379000,RIC,3,0 days 00:01:22.640000,30.0,3.0,,,0 days 00:00:29.736000,0 days 00:00:29.535000,0 days 00:00:23.369000,0 days 01:37:41.514000,0 days 01:38:11.049000,0 days 01:38:34.418000,279.0,240.0,245.0,287.0,True,HARD,2.0,True,RB,0 days 01:37:11.739000,2024-07-21 13:45:05.352,1,18.0,False,,False,True,82.64
0 days 01:39:57.477000,RIC,3,0 days 00:01:23.098000,31.0,3.0,,,0 days 00:00:29.742000,0 days 00:00:29.734000,0 days 00:00:23.622000,0 days 01:39:04.160000,0 days 01:39:33.894000,0 days 01:39:57.516000,277.0,240.0,245.0,288.0,False,HARD,3.0,True,RB,0 days 01:38:34.379000,2024-07-21 13:46:27.992,1,17.0,False,,False,True,83.098
0 days 01:41:21.088000,RIC,3,0 days 00:01:23.611000,32.0,3.0,,,0 days 00:00:30.005000,0 days 00:00:29.888000,0 days 00:00:23.718000,0 days 01:40:27.521000,0 days 01:40:57.409000,0 days 01:41:21.127000,280.0,239.0,245.0,287.0,False,HARD,4.0,True,RB,0 days 01:39:57.477000,2024-07-21 13:47:51.090,1,17.0,False,,False,True,83.611
0 days 01:42:46.875000,RIC,3,0 days 00:01:25.787000,33.0,3.0,,,0 days 00:00:30.155000,0 days 00:00:31.191000,0 days 00:00:24.441000,0 days 01:41:51.282000,0 days 01:42:22.473000,0 days 01:42:46.914000,,234.0,249.0,288.0,False,HARD,5.0,True,RB,0 days 01:41:21.088000,2024-07-21 13:49:14.701,1,17.0,False,,False,True,85.787
0 days 01:44:10.701000,RIC,3,0 days 00:01:23.826000,34.0,3.0,,,0 days 00:00:29.852000,0 days 00:00:30.220000,0 days 00:00:23.754000,0 days 01:43:16.766000,0 days 01:43:46.986000,0 days 01:44:10.740000,278.0,235.0,245.0,304.0,False,HARD,6.0,True,RB,0 days 01:42:46.875000,2024-07-21 13:50:40.488,1,14.0,False,,False,True,83.826
0 days 01:45:34.357000,RIC,3,0 days 00:01:23.656000,35.0,3.0,,,0 days 00:00:30.112000,0 days 00:00:29.905000,0 days 00:00:23.639000,0 days 01:44:40.852000,0 days 01:45:10.757000,0 days 01:45:34.396000,279.0,238.0,244.0,287.0,False,HARD,7.0,True,RB,0 days 01:44:10.701000,2024-07-21 13:52:04.314,1,13.0,False,,False,True,83.656
0 days 01:46:58,RIC,3,0 days 00:01:23.643000,36.0,3.0,,,0 days 00:00:30.066000,0 days 00:00:29.951000,0 days 00:00:23.626000,0 days 01:46:04.462000,0 days 01:46:34.413000,0 days 01:46:58.039000,278.0,238.0,245.0,286.0,False,HARD,8.0,True,RB,0 days 01:45:34.357000,2024-07-21 13:53:27.970,1,13.0,False,,False,True,83.643
0 days 01:48:21.689000,RIC,3,0 days 00:01:23.689000,37.0,3.0,,,0 days 00:00:30.073000,0 days 00:00:29.905000,0 days 00:00:23.711000,0 days 01:47:28.112000,0 days 01:47:58.017000,0 days 01:48:21.728000,277.0,238.0,245.0,287.0,False,HARD,9.0,True,RB,0 days 01:46:58,2024-07-21 13:54:51.613,1,13.0,False,,False,True,83.689
0 days 01:49:45.694000,RIC,3,0 days 00:01:24.005000,38.0,3.0,,,0 days 00:00:30.215000,0 days 00:00:30.189000,0 days 00:00:23.601000,0 days 01:48:51.943000,0 days 01:49:22.132000,0 days 01:49:45.733000,278.0,234.0,245.0,,False,HARD,10.0,True,RB,0 days 01:48:21.689000,2024-07-21 13:56:15.302,1,12.0,False,,False,True,84.005
0 days 01:51:11.047000,RIC,3,0 days 00:01:25.353000,39.0,3.0,,,0 days 00:00:30.453000,0 days 00:00:30.859000,0 days 00:00:24.041000,0 days 01:50:16.186000,0 days 01:50:47.045000,0 days 01:51:11.086000,281.0,234.0,249.0,,False,HARD,11.0,True,RB,0 days 01:49:45.694000,2024-07-21 13:57:39.307,1,13.0,False,,False,True,85.353
0 days 01:52:35.093000,RIC,3,0 days 00:01:24.046000,40.0,3.0,,,0 days 00:00:29.891000,0 days 00:00:30.321000,0 days 00:00:23.834000,0 days 01:51:40.977000,0 days 01:52:11.298000,0 days 01:52:35.132000,280.0,236.0,244.0,299.0,False,HARD,12.0,True,RB,0 days 01:51:11.047000,2024-07-21 13:59:04.660,1,13.0,False,,False,True,84.046
0 days 01:53:59.430000,RIC,3,0 days 00:01:24.337000,41.0,3.0,,,0 days 00:00:30.278000,0 days 00:00:30.247000,0 days 00:00:23.812000,0 days 01:53:05.410000,0 days 01:53:35.657000,0 days 01:53:59.469000,,235.0,245.0,288.0,False,HARD,13.0,True,RB,0 days 01:52:35.093000,2024-07-21 14:00:28.706,1,13.0,False,,False,True,84.337
0 days 01:55:23.911000,RIC,3,0 days 00:01:24.481000,42.0,3.0,,,0 days 00:00:30.113000,0 days 00:00:30.398000,0 days 00:00:23.970000,0 days 01:54:29.582000,0 days 01:54:59.980000,0 days 01:55:23.950000,281.0,236.0,249.0,289.0,False,HARD,14.0,True,RB,0 days 01:53:59.430000,2024-07-21 14:01:53.043,1,13.0,False,,False,True,84.481
0 days 01:56:49.093000,RIC,3,0 days 00:01:25.182000,43.0,3.0,,,0 days 00:00:30.430000,0 days 00:00:30.769000,0 days 00:00:23.983000,0 days 01:55:54.380000,0 days 01:56:25.149000,0 days 01:56:49.132000,280.0,234.0,250.0,300.0,False,HARD,15.0,True,RB,0 days 01:55:23.911000,2024-07-21 14:03:17.524,1,13.0,False,,False,True,85.182
0 days 01:58:13.075000,RIC,3,0 days 00:01:23.982000,44.0,3.0,,,0 days 00:00:29.900000,0 days 00:00:30.247000,0 days 00:00:23.835000,0 days 01:57:19.032000,0 days 01:57:49.279000,0 days 01:58:13.114000,278.0,236.0,244.0,302.0,False,HARD,16.0,True,RB,0 days 01:56:49.093000,2024-07-21 14:04:42.706,1,12.0,False,,False,True,83.982
0 days 01:59:37.041000,RIC,3,0 days 00:01:23.966000,45.0,3.0,,,0 days 00:00:30.059000,0 days 00:00:30.157000,0 days 00:00:23.750000,0 days 01:58:43.173000,0 days 01:59:13.330000,0 days 01:59:37.080000,279.0,235.0,246.0,287.0,False,HARD,17.0,True,RB,0 days 01:58:13.075000,2024-07-21 14:06:06.688,1,12.0,False,,False,True,83.966
0 days 02:01:00.879000,RIC,3,0 days 00:01:23.838000,46.0,3.0,,,0 days 00:00:30.090000,0 days 00:00:29.991000,0 days 00:00:23.757000,0 days 02:00:07.170000,0 days 02:00:37.161000,0 days 02:01:00.918000,,236.0,246.0,288.0,False,HARD,18.0,True,RB,0 days 01:59:37.041000,2024-07-21 14:07:30.654,1,11.0,False,,False,True,83.838
0 days 02:02:24.783000,RIC,3,0 days 00:01:23.904000,47.0,3.0,,,0 days 00:00:30.087000,0 days 00:00:29.991000,0 days 00:00:23.826000,0 days 02:01:31.005000,0 days 02:02:00.996000,0 days 02:02:24.822000,280.0,236.0,245.0,287.0,False,HARD,19.0,True,RB,0 days 02:01:00.879000,2024-07-21 14:08:54.492,1,11.0,False,,False,True,83.904
0 days 02:03:48.793000,RIC,3,0 days 00:01:24.010000,48.0,3.0,,,0 days 00:00:30.121000,0 days 00:00:30.010000,0 days 00:00:23.879000,0 days 02:02:54.943000,0 days 02:03:24.953000,0 days 02:03:48.832000,278.0,238.0,246.0,,False,HARD,20.0,True,RB,0 days 02:02:24.783000,2024-07-21 14:10:18.396,1,11.0,False,,False,True,84.01
0 days 02:05:12.438000,RIC,3,0 days 00:01:23.645000,49.0,3.0,,,0 days 00:00:29.950000,0 days 00:00:29.939000,0 days 00:00:23.756000,0 days 02:04:18.782000,0 days 02:04:48.721000,0 days 02:05:12.477000,280.0,237.0,245.0,,False,HARD,21.0,True,RB,0 days 02:03:48.793000,2024-07-21 14:11:42.406,1,11.0,False,,False,True,83.645
0 days 02:06:35.987000,RIC,3,0 days 00:01:23.549000,50.0,3.0,,,0 days 00:00:29.972000,0 days 00:00:29.850000,0 days 00:00:23.727000,0 days 02:05:42.449000,0 days 02:06:12.299000,0 days 02:06:36.026000,279.0,239.0,245.0,,False,HARD,22.0,True,RB,0 days 02:05:12.438000,2024-07-21 14:13:06.051,1,11.0,False,,False,True,83.549
0 days 02:07:59.551000,RIC,3,0 days 00:01:23.564000,51.0,3.0,,,0 days 00:00:30.001000,0 days 00:00:29.811000,0 days 00:00:23.752000,0 days 02:07:06.027000,0 days 02:07:35.838000,0 days 02:07:59.590000,280.0,238.0,245.0,,False,HARD,23.0,True,RB,0 days 02:06:35.987000,2024-07-21 14:14:29.600,1,11.0,False,,False,True,83.564
0 days 02:09:22.994000,RIC,3,0 days 00:01:23.443000,52.0,3.0,,,0 days 00:00:29.940000,0 days 00:00:29.720000,0 days 00:00:23.783000,0 days 02:08:29.530000,0 days 02:08:59.250000,0 days 02:09:23.033000,,238.0,245.0,288.0,False,HARD,24.0,True,RB,0 days 02:07:59.551000,2024-07-21 14:15:53.164,1,11.0,False,,False,True,83.443
0 days 02:10:46.283000,RIC,3,0 days 00:01:23.289000,53.0,3.0,,,0 days 00:00:29.929000,0 days 00:00:29.698000,0 days 00:00:23.662000,0 days 02:09:52.962000,0 days 02:10:22.660000,0 days 02:10:46.322000,281.0,238.0,246.0,289.0,False,HARD,25.0,True,RB,0 days 02:09:22.994000,2024-07-21 14:17:16.607,1,11.0,False,,False,True,83.289
0 days 02:12:09.483000,RIC,3,0 days 00:01:23.200000,54.0,3.0,,,0 days 00:00:30.001000,0 days 00:00:29.557000,0 days 00:00:23.642000,0 days 02:11:16.323000,0 days 02:11:45.880000,0 days 02:12:09.522000,280.0,239.0,246.0,,False,HARD,26.0,True,RB,0 days 02:10:46.283000,2024-07-21 14:18:39.896,1,11.0,False,,False,True,83.2
0 days 02:13:34.916000,RIC,3,0 days 00:01:25.433000,55.0,3.0,,,0 days 00:00:30.583000,0 days 00:00:30.709000,0 days 00:00:24.141000,0 days 02:12:40.105000,0 days 02:13:10.814000,0 days 02:13:34.955000,279.0,234.0,245.0,288.0,False,HARD,27.0,True,RB,0 days 02:12:09.483000,2024-07-21 14:20:03.096,1,12.0,False,,False,True,85.433
0 days 02:14:58.539000,RIC,3,0 days 00:01:23.623000,56.0,3.0,,,0 days 00:00:30.108000,0 days 00:00:29.688000,0 days 00:00:23.827000,0 days 02:14:05.063000,0 days 02:14:34.751000,0 days 02:14:58.578000,281.0,239.0,245.0,,False,HARD,28.0,True,RB,0 days 02:13:34.916000,2024-07-21 14:21:28.529,1,12.0,False,,False,True,83.623
0 days 02:16:22.100000,RIC,3,0 days 00:01:23.561000,57.0,3.0,,,0 days 00:00:30.014000,0 days 00:00:29.761000,0 days 00:00:23.786000,0 days 02:15:28.592000,0 days 02:15:58.353000,0 days 02:16:22.139000,,239.0,246.0,290.0,False,HARD,29.0,True,RB,0 days 02:14:58.539000,2024-07-21 14:22:52.152,1,12.0,False,,False,True,83.561
0 days 02:17:45.567000,RIC,3,0 days 00:01:23.467000,58.0,3.0,,,0 days 00:00:29.832000,0 days 00:00:29.796000,0 days 00:00:23.839000,0 days 02:16:51.971000,0 days 02:17:21.767000,0 days 02:17:45.606000,,239.0,245.0,288.0,False,HARD,30.0,True,RB,0 days 02:16:22.100000,2024-07-21 14:24:15.713,1,12.0,False,,False,True,83.467
0 days 02:19:09.396000,RIC,3,0 days 00:01:23.829000,59.0,3.0,,,0 days 00:00:29.930000,0 days 00:00:29.882000,0 days 00:00:24.017000,0 days 02:18:15.536000,0 days 02:18:45.418000,0 days 02:19:09.435000,280.0,238.0,244.0,287.0,False,HARD,31.0,True,RB,0 days 02:17:45.567000,2024-07-21 14:25:39.180,1,12.0,False,,False,True,83.829
0 days 02:20:33.298000,RIC,3,0 days 00:01:23.902000,60.0,3.0,,,0 days 00:00:30.036000,0 days 00:00:29.955000,0 days 00:00:23.911000,0 days 02:19:39.471000,0 days 02:20:09.426000,0 days 02:20:33.337000,282.0,238.0,245.0,,False,HARD,32.0,True,RB,0 days 02:19:09.396000,2024-07-21 14:27:03.009,1,12.0,False,,False,True,83.902
0 days 02:21:57.218000,RIC,3,0 days 00:01:23.920000,61.0,3.0,,,0 days 00:00:29.891000,0 days 00:00:30.106000,0 days 00:00:23.923000,0 days 02:21:03.228000,0 days 02:21:33.334000,0 days 02:21:57.257000,,235.0,244.0,288.0,False,HARD,33.0,True,RB,0 days 02:20:33.298000,2024-07-21 14:28:26.911,1,12.0,False,,False,True,83.92
0 days 02:23:21.574000,RIC,3,0 days 00:01:24.356000,62.0,3.0,,,0 days 00:00:29.990000,0 days 00:00:30.194000,0 days 00:00:24.172000,0 days 02:22:27.247000,0 days 02:22:57.441000,0 days 02:23:21.613000,281.0,234.0,242.0,287.0,False,HARD,34.0,True,RB,0 days 02:21:57.218000,2024-07-21 14:29:50.831,12,12.0,False,,False,True,84.356
0 days 02:24:49.061000,RIC,3,0 days 00:01:27.487000,63.0,3.0,,,0 days 00:00:32.281000,0 days 00:00:30.842000,0 days 00:00:24.364000,0 days 02:23:53.894000,0 days 02:24:24.736000,0 days 02:24:49.100000,,234.0,245.0,239.0,False,HARD,35.0,True,RB,0 days 02:23:21.574000,2024-07-21 14:31:15.187,1,12.0,False,,False,True,87.487
0 days 02:26:16.256000,RIC,3,0 days 00:01:27.195000,64.0,3.0,,,0 days 00:00:30.409000,0 days 00:00:32.329000,0 days 00:00:24.457000,0 days 02:25:19.509000,0 days 02:25:51.838000,0 days 02:26:16.295000,,228.0,246.0,287.0,False,HARD,36.0,True,RB,0 days 02:24:49.061000,2024-07-21 14:32:42.674,1,12.0,False,,False,True,87.195
0 days 02:27:41.713000,RIC,3,0 days 00:01:25.457000,65.0,3.0,,,0 days 00:00:30.305000,0 days 00:00:30.820000,0 days 00:00:24.332000,0 days 02:26:46.600000,0 days 02:27:17.420000,0 days 02:27:41.752000,282.0,232.0,246.0,288.0,False,HARD,37.0,True,RB,0 days 02:26:16.256000,2024-07-21 14:34:09.869,1,12.0,False,,False,True,85.457
0 days 02:29:06.561000,RIC,3,0 days 00:01:24.848000,66.0,3.0,,,0 days 00:00:30.038000,0 days 00:00:30.616000,0 days 00:00:24.194000,0 days 02:28:11.790000,0 days 02:28:42.406000,0 days 02:29:06.600000,281.0,230.0,245.0,,False,HARD,38.0,True,RB,0 days 02:27:41.713000,2024-07-21 14:35:35.326,1,12.0,False,,False,True,84.848
0 days 02:30:31.498000,RIC,3,0 days 00:01:24.937000,67.0,3.0,,,0 days 00:00:30.108000,0 days 00:00:30.482000,0 days 00:00:24.347000,0 days 02:29:36.708000,0 days 02:30:07.190000,0 days 02:30:31.537000,279.0,233.0,245.0,,False,HARD,39.0,True,RB,0 days 02:29:06.561000,2024-07-21 14:37:00.174,1,12.0,False,,False,True,84.937
0 days 02:31:57.023000,RIC,3,0 days 00:01:25.525000,68.0,3.0,,,0 days 00:00:30.516000,0 days 00:00:30.719000,0 days 00:00:24.290000,0 days 02:31:02.053000,0 days 02:31:32.772000,0 days 02:31:57.062000,278.0,232.0,246.0,,False,HARD,40.0,True,RB,0 days 02:30:31.498000,2024-07-21 14:38:25.111,1,12.0,False,,False,True,85.525
0 days 02:33:25.115000,RIC,3,0 days 00:01:28.092000,69.0,3.0,,,0 days 00:00:30.405000,0 days 00:00:32.937000,0 days 00:00:24.750000,0 days 02:32:27.467000,0 days 02:33:00.404000,0 days 02:33:25.154000,279.0,229.0,220.0,289.0,False,HARD,41.0,True,RB,0 days 02:31:57.023000,2024-07-21 14:39:50.636,1,12.0,False,,False,True,88.092
0 days 00:56:41.123000,HUL,27,0 days 00:01:35.921000,1.0,1.0,,,,0 days 00:00:34.157000,0 days 00:00:24.473000,,0 days 00:56:16.737000,0 days 00:56:41.327000,238.0,230.0,246.0,272.0,False,MEDIUM,1.0,True,Haas F1 Team,0 days 00:55:04.938000,2024-07-21 13:02:58.551,1,14.0,False,,False,False,95.921
0 days 00:58:09.944000,HUL,27,0 days 00:01:28.821000,2.0,1.0,,0 days 00:58:08.236000,0 days 00:00:30.591000,0 days 00:00:31.755000,0 days 00:00:26.475000,0 days 00:57:11.719000,0 days 00:57:43.474000,0 days 00:58:09.949000,269.0,234.0,,297.0,False,MEDIUM,2.0,True,Haas F1 Team,0 days 00:56:41.123000,2024-07-21 13:04:34.736,1,17.0,False,,False,False,88.821
0 days 00:59:51.210000,HUL,27,0 days 00:01:41.266000,3.0,2.0,0 days 00:58:30.600000,,0 days 00:00:48.029000,0 days 00:00:30.094000,0 days 00:00:23.143000,0 days 00:58:57.978000,0 days 00:59:28.072000,0 days 00:59:51.215000,276.0,235.0,248.0,,False,HARD,1.0,True,Haas F1 Team,0 days 00:58:09.944000,2024-07-21 13:06:03.557,1,20.0,False,,False,False,101.266
0 days 01:01:14.719000,HUL,27,0 days 00:01:23.509000,4.0,2.0,,,0 days 00:00:29.697000,0 days 00:00:30.315000,0 days 00:00:23.497000,0 days 01:00:20.912000,0 days 01:00:51.227000,0 days 01:01:14.724000,277.0,236.0,247.0,291.0,True,HARD,2.0,True,Haas F1 Team,0 days 00:59:51.210000,2024-07-21 13:07:44.823,1,20.0,False,,False,True,83.509
0 days 01:02:38.925000,HUL,27,0 days 00:01:24.206000,5.0,2.0,,,0 days 00:00:29.927000,0 days 00:00:30.564000,0 days 00:00:23.715000,0 days 01:01:44.651000,0 days 01:02:15.215000,0 days 01:02:38.930000,273.0,231.0,246.0,,False,HARD,3.0,True,Haas F1 Team,0 days 01:01:14.719000,2024-07-21 13:09:08.332,1,20.0,False,,False,True,84.206
0 days 01:04:03.612000,HUL,27,0 days 00:01:24.687000,6.0,2.0,,,0 days 00:00:29.918000,0 days 00:00:30.655000,0 days 00:00:24.114000,0 days 01:03:08.848000,0 days 01:03:39.503000,0 days 01:04:03.617000,277.0,232.0,245.0,292.0,False,HARD,4.0,True,Haas F1 Team,0 days 01:02:38.925000,2024-07-21 13:10:32.538,1,20.0,False,,False,True,84.687
0 days 01:05:28.614000,HUL,27,0 days 00:01:25.002000,7.0,2.0,,,0 days 00:00:30.057000,0 days 00:00:31.059000,0 days 00:00:23.886000,0 days 01:04:33.674000,0 days 01:05:04.733000,0 days 01:05:28.619000,275.0,233.0,246.0,,False,HARD,5.0,True,Haas F1 Team,0 days 01:04:03.612000,2024-07-21 13:11:57.225,1,17.0,False,,False,True,85.002
0 days 01:06:53.443000,HUL,27,0 days 00:01:24.829000,8.0,2.0,,,0 days 00:00:30.071000,0 days 00:00:30.947000,0 days 00:00:23.811000,0 days 01:05:58.690000,0 days 01:06:29.637000,0 days 01:06:53.448000,277.0,232.0,247.0,291.0,False,HARD,6.0,True,Haas F1 Team,0 days 01:05:28.614000,2024-07-21 13:13:22.227,1,14.0,False,,False,True,84.829
0 days 01:08:18.677000,HUL,27,0 days 00:01:25.234000,9.0,2.0,,,0 days 00:00:30.030000,0 days 00:00:31.199000,0 days 00:00:24.005000,0 days 01:07:23.478000,0 days 01:07:54.677000,0 days 01:08:18.682000,278.0,232.0,246.0,292.0,False,HARD,7.0,True,Haas F1 Team,0 days 01:06:53.443000,2024-07-21 13:14:47.056,1,13.0,False,,False,True,85.234
0 days 01:09:43.655000,HUL,27,0 days 00:01:24.978000,10.0,2.0,,,0 days 00:00:30.378000,0 days 00:00:30.683000,0 days 00:00:23.917000,0 days 01:08:49.060000,0 days 01:09:19.743000,0 days 01:09:43.660000,279.0,234.0,247.0,,False,HARD,8.0,True,Haas F1 Team,0 days 01:08:18.677000,2024-07-21 13:16:12.290,1,13.0,False,,False,True,84.978
0 days 01:11:08.441000,HUL,27,0 days 00:01:24.786000,11.0,2.0,,,0 days 00:00:30.105000,0 days 00:00:30.701000,0 days 00:00:23.980000,0 days 01:10:13.765000,0 days 01:10:44.466000,0 days 01:11:08.446000,278.0,231.0,246.0,291.0,False,HARD,9.0,True,Haas F1 Team,0 days 01:09:43.655000,2024-07-21 13:17:37.268,1,13.0,False,,False,True,84.786
0 days 01:12:33.499000,HUL,27,0 days 00:01:25.058000,12.0,2.0,,,0 days 00:00:30.251000,0 days 00:00:30.762000,0 days 00:00:24.045000,0 days 01:11:38.697000,0 days 01:12:09.459000,0 days 01:12:33.504000,281.0,235.0,245.0,292.0,False,HARD,10.0,True,Haas F1 Team,0 days 01:11:08.441000,2024-07-21 13:19:02.054,1,13.0,False,,False,True,85.058
0 days 01:13:58.784000,HUL,27,0 days 00:01:25.285000,13.0,2.0,,,0 days 00:00:30.341000,0 days 00:00:30.885000,0 days 00:00:24.059000,0 days 01:13:03.845000,0 days 01:13:34.730000,0 days 01:13:58.789000,280.0,235.0,246.0,,False,HARD,11.0,True,Haas F1 Team,0 days 01:12:33.499000,2024-07-21 13:20:27.112,1,13.0,False,,False,True,85.285
0 days 01:15:23.919000,HUL,27,0 days 00:01:25.135000,14.0,2.0,,,0 days 00:00:30.318000,0 days 00:00:30.790000,0 days 00:00:24.027000,0 days 01:14:29.107000,0 days 01:14:59.897000,0 days 01:15:23.924000,,234.0,246.0,,False,HARD,12.0,True,Haas F1 Team,0 days 01:13:58.784000,2024-07-21 13:21:52.397,1,13.0,False,,False,True,85.135
0 days 01:16:49,HUL,27,0 days 00:01:25.081000,15.0,2.0,,,0 days 00:00:30.250000,0 days 00:00:30.762000,0 days 00:00:24.069000,0 days 01:15:54.174000,0 days 01:16:24.936000,0 days 01:16:49.005000,279.0,236.0,246.0,293.0,False,HARD,13.0,True,Haas F1 Team,0 days 01:15:23.919000,2024-07-21 13:23:17.532,1,12.0,False,,False,True,85.081
0 days 01:18:14.889000,HUL,27,0 days 00:01:25.889000,16.0,2.0,,,0 days 00:00:30.425000,0 days 00:00:31.128000,0 days 00:00:24.336000,0 days 01:17:19.430000,0 days 01:17:50.558000,0 days 01:18:14.894000,273.0,235.0,246.0,,False,HARD,14.0,True,Haas F1 Team,0 days 01:16:49,2024-07-21 13:24:42.613,1,12.0,False,,False,True,85.889
0 days 01:19:40.858000,HUL,27,0 days 00:01:25.969000,17.0,2.0,,,0 days 00:00:30.490000,0 days 00:00:31.081000,0 days 00:00:24.398000,0 days 01:18:45.384000,0 days 01:19:16.465000,0 days 01:19:40.863000,280.0,234.0,244.0,291.0,False,HARD,15.0,True,Haas F1 Team,0 days 01:18:14.889000,2024-07-21 13:26:08.502,1,11.0,False,,False,True,85.969
0 days 01:21:07.144000,HUL,27,0 days 00:01:26.286000,18.0,2.0,,,0 days 00:00:30.702000,0 days 00:00:31.308000,0 days 00:00:24.276000,0 days 01:20:11.565000,0 days 01:20:42.873000,0 days 01:21:07.149000,279.0,234.0,246.0,290.0,False,HARD,16.0,True,Haas F1 Team,0 days 01:19:40.858000,2024-07-21 13:27:34.471,1,11.0,False,,False,True,86.286
0 days 01:22:32.677000,HUL,27,0 days 00:01:25.533000,19.0,2.0,,,0 days 00:00:30.481000,0 days 00:00:30.886000,0 days 00:00:24.166000,0 days 01:21:37.630000,0 days 01:22:08.516000,0 days 01:22:32.682000,281.0,236.0,246.0,291.0,False,HARD,17.0,True,Haas F1 Team,0 days 01:21:07.144000,2024-07-21 13:29:00.757,1,11.0,False,,False,True,85.533
0 days 01:23:57.956000,HUL,27,0 days 00:01:25.279000,20.0,2.0,,,0 days 00:00:30.372000,0 days 00:00:30.739000,0 days 00:00:24.168000,0 days 01:23:03.054000,0 days 01:23:33.793000,0 days 01:23:57.961000,279.0,237.0,246.0,292.0,False,HARD,18.0,True,Haas F1 Team,0 days 01:22:32.677000,2024-07-21 13:30:26.290,1,11.0,False,,False,True,85.279
0 days 01:25:23.265000,HUL,27,0 days 00:01:25.309000,21.0,2.0,,,0 days 00:00:30.410000,0 days 00:00:30.770000,0 days 00:00:24.129000,0 days 01:24:28.371000,0 days 01:24:59.141000,0 days 01:25:23.270000,280.0,237.0,246.0,,False,HARD,19.0,True,Haas F1 Team,0 days 01:23:57.956000,2024-07-21 13:31:51.569,1,11.0,False,,False,True,85.309
0 days 01:26:48.682000,HUL,27,0 days 00:01:25.417000,22.0,2.0,,,0 days 00:00:30.431000,0 days 00:00:30.766000,0 days 00:00:24.220000,0 days 01:25:53.701000,0 days 01:26:24.467000,0 days 01:26:48.687000,281.0,237.0,246.0,293.0,False,HARD,20.0,True,Haas F1 Team,0 days 01:25:23.265000,2024-07-21 13:33:16.878,1,11.0,False,,False,True,85.417
0 days 01:28:14.375000,HUL,27,0 days 00:01:25.693000,23.0,2.0,,,0 days 00:00:30.620000,0 days 00:00:30.929000,0 days 00:00:24.144000,0 days 01:27:19.307000,0 days 01:27:50.236000,0 days 01:28:14.380000,280.0,236.0,247.0,295.0,False,HARD,21.0,True,Haas F1 Team,0 days 01:26:48.682000,2024-07-21 13:34:42.295,1,11.0,False,,False,True,85.693
0 days 01:29:40.194000,HUL,27,0 days 00:01:25.819000,24.0,2.0,,,0 days 00:00:30.554000,0 days 00:00:30.918000,0 days 00:00:24.347000,0 days 01:28:44.934000,0 days 01:29:15.852000,0 days 01:29:40.199000,284.0,237.0,244.0,294.0,False,HARD,22.0,True,Haas F1 Team,0 days 01:28:14.375000,2024-07-21 13:36:07.988,1,11.0,False,,False,True,85.819
0 days 01:31:05.833000,HUL,27,0 days 00:01:25.639000,25.0,2.0,,,0 days 00:00:30.526000,0 days 00:00:30.778000,0 days 00:00:24.335000,0 days 01:30:10.725000,0 days 01:30:41.503000,0 days 01:31:05.838000,280.0,237.0,246.0,292.0,False,HARD,23.0,True,Haas F1 Team,0 days 01:29:40.194000,2024-07-21 13:37:33.807,1,11.0,False,,False,True,85.639
0 days 01:32:31.827000,HUL,27,0 days 00:01:25.994000,26.0,2.0,,,0 days 00:00:30.588000,0 days 00:00:31.022000,0 days 00:00:24.384000,0 days 01:31:36.426000,0 days 01:32:07.448000,0 days 01:32:31.832000,285.0,238.0,247.0,295.0,False,HARD,24.0,True,Haas F1 Team,0 days 01:31:05.833000,2024-07-21 13:38:59.446,1,11.0,False,,False,True,85.994
0 days 01:33:59.049000,HUL,27,0 days 00:01:27.222000,27.0,2.0,,,0 days 00:00:31.412000,0 days 00:00:31.214000,0 days 00:00:24.596000,0 days 01:33:03.244000,0 days 01:33:34.458000,0 days 01:33:59.054000,278.0,238.0,246.0,294.0,False,HARD,25.0,True,Haas F1 Team,0 days 01:32:31.827000,2024-07-21 13:40:25.440,1,12.0,False,,False,True,87.222
0 days 01:35:26.060000,HUL,27,0 days 00:01:27.011000,28.0,2.0,,,0 days 00:00:31.137000,0 days 00:00:31.353000,0 days 00:00:24.521000,0 days 01:34:30.191000,0 days 01:35:01.544000,0 days 01:35:26.065000,,235.0,247.0,295.0,False,HARD,26.0,True,Haas F1 Team,0 days 01:33:59.049000,2024-07-21 13:41:52.662,1,13.0,False,,False,True,87.011
0 days 01:36:53.950000,HUL,27,0 days 00:01:27.890000,29.0,2.0,,0 days 01:36:52.231000,0 days 00:00:30.419000,0 days 00:00:30.775000,0 days 00:00:26.696000,0 days 01:35:56.484000,0 days 01:36:27.259000,0 days 01:36:53.955000,280.0,239.0,,,False,HARD,27.0,True,Haas F1 Team,0 days 01:35:26.060000,2024-07-21 13:43:19.673,1,11.0,False,,False,False,87.89
0 days 01:38:36.716000,HUL,27,0 days 00:01:42.766000,30.0,3.0,0 days 01:37:14.797000,,0 days 00:00:48.770000,0 days 00:00:30.366000,0 days 00:00:23.630000,0 days 01:37:42.725000,0 days 01:38:13.091000,0 days 01:38:36.721000,278.0,241.0,250.0,,False,HARD,1.0,True,Haas F1 Team,0 days 01:36:53.950000,2024-07-21 13:44:47.563,1,19.0,False,,False,False,102.766
0 days 01:40:00.641000,HUL,27,0 days 00:01:23.925000,31.0,3.0,,,0 days 00:00:29.917000,0 days 00:00:30.351000,0 days 00:00:23.657000,0 days 01:39:06.638000,0 days 01:39:36.989000,0 days 01:40:00.646000,276.0,241.0,248.0,295.0,False,HARD,2.0,True,Haas F1 Team,0 days 01:38:36.716000,2024-07-21 13:46:30.329,1,18.0,False,,False,True,83.925
0 days 01:41:24.406000,HUL,27,0 days 00:01:23.765000,32.0,3.0,,,0 days 00:00:29.960000,0 days 00:00:30.212000,0 days 00:00:23.593000,0 days 01:40:30.606000,0 days 01:41:00.818000,0 days 01:41:24.411000,279.0,238.0,248.0,293.0,False,HARD,3.0,True,Haas F1 Team,0 days 01:40:00.641000,2024-07-21 13:47:54.254,1,18.0,False,,False,True,83.765
0 days 01:42:48.502000,HUL,27,0 days 00:01:24.096000,33.0,3.0,,,0 days 00:00:29.938000,0 days 00:00:30.368000,0 days 00:00:23.790000,0 days 01:41:54.349000,0 days 01:42:24.717000,0 days 01:42:48.507000,,238.0,249.0,,False,HARD,4.0,True,Haas F1 Team,0 days 01:41:24.406000,2024-07-21 13:49:18.019,1,18.0,False,,False,True,84.096
0 days 01:44:14.631000,HUL,27,0 days 00:01:26.129000,34.0,3.0,,,0 days 00:00:30.115000,0 days 00:00:31.599000,0 days 00:00:24.415000,0 days 01:43:18.622000,0 days 01:43:50.221000,0 days 01:44:14.636000,274.0,234.0,253.0,296.0,False,HARD,5.0,True,Haas F1 Team,0 days 01:42:48.502000,2024-07-21 13:50:42.115,1,16.0,False,,False,True,86.129
0 days 01:45:38.425000,HUL,27,0 days 00:01:23.794000,35.0,3.0,,,0 days 00:00:29.716000,0 days 00:00:30.268000,0 days 00:00:23.810000,0 days 01:44:44.352000,0 days 01:45:14.620000,0 days 01:45:38.430000,279.0,238.0,248.0,308.0,False,HARD,6.0,True,Haas F1 Team,0 days 01:44:14.631000,2024-07-21 13:52:08.244,1,14.0,False,,False,True,83.794
0 days 01:47:02.471000,HUL,27,0 days 00:01:24.046000,36.0,3.0,,,0 days 00:00:30.027000,0 days 00:00:30.321000,0 days 00:00:23.698000,0 days 01:46:08.457000,0 days 01:46:38.778000,0 days 01:47:02.476000,278.0,239.0,249.0,293.0,False,HARD,7.0,True,Haas F1 Team,0 days 01:45:38.425000,2024-07-21 13:53:32.038,1,14.0,False,,False,True,84.046
0 days 01:48:26.491000,HUL,27,0 days 00:01:24.020000,37.0,3.0,,,0 days 00:00:29.935000,0 days 00:00:30.284000,0 days 00:00:23.801000,0 days 01:47:32.411000,0 days 01:48:02.695000,0 days 01:48:26.496000,281.0,240.0,248.0,294.0,False,HARD,8.0,True,Haas F1 Team,0 days 01:47:02.471000,2024-07-21 13:54:56.084,1,14.0,False,,False,True,84.02
0 days 01:49:50.524000,HUL,27,0 days 00:01:24.033000,38.0,3.0,,,0 days 00:00:30.068000,0 days 00:00:30.306000,0 days 00:00:23.659000,0 days 01:48:56.564000,0 days 01:49:26.870000,0 days 01:49:50.529000,,240.0,248.0,293.0,False,HARD,9.0,True,Haas F1 Team,0 days 01:48:26.491000,2024-07-21 13:56:20.104,1,14.0,False,,False,True,84.033
0 days 01:51:14.736000,HUL,27,0 days 00:01:24.212000,39.0,3.0,,,0 days 00:00:30.065000,0 days 00:00:30.377000,0 days 00:00:23.770000,0 days 01:50:20.594000,0 days 01:50:50.971000,0 days 01:51:14.741000,,238.0,249.0,294.0,False,HARD,10.0,True,Haas F1 Team,0 days 01:49:50.524000,2024-07-21 13:57:44.137,1,14.0,False,,False,True,84.212
0 days 01:52:39.043000,HUL,27,0 days 00:01:24.307000,40.0,3.0,,,0 days 00:00:30.050000,0 days 00:00:30.259000,0 days 00:00:23.998000,0 days 01:51:44.791000,0 days 01:52:15.050000,0 days 01:52:39.048000,282.0,238.0,247.0,293.0,False,HARD,11.0,True,Haas F1 Team,0 days 01:51:14.736000,2024-07-21 13:59:08.349,1,14.0,False,,False,True,84.307
0 days 01:54:03.221000,HUL,27,0 days 00:01:24.178000,41.0,3.0,,,0 days 00:00:30.135000,0 days 00:00:30.338000,0 days 00:00:23.705000,0 days 01:53:09.183000,0 days 01:53:39.521000,0 days 01:54:03.226000,,239.0,248.0,,False,HARD,12.0,True,Haas F1 Team,0 days 01:52:39.043000,2024-07-21 14:00:32.656,1,14.0,False,,False,True,84.178
0 days 01:55:27.258000,HUL,27,0 days 00:01:24.037000,42.0,3.0,,,0 days 00:00:30.026000,0 days 00:00:30.229000,0 days 00:00:23.782000,0 days 01:54:33.252000,0 days 01:55:03.481000,0 days 01:55:27.263000,281.0,238.0,249.0,294.0,False,HARD,13.0,True,Haas F1 Team,0 days 01:54:03.221000,2024-07-21 14:01:56.834,1,14.0,False,,False,True,84.037
0 days 01:56:51.624000,HUL,27,0 days 00:01:24.366000,43.0,3.0,,,0 days 00:00:29.970000,0 days 00:00:30.560000,0 days 00:00:23.836000,0 days 01:55:57.233000,0 days 01:56:27.793000,0 days 01:56:51.629000,,239.0,248.0,,False,HARD,14.0,True,Haas F1 Team,0 days 01:55:27.258000,2024-07-21 14:03:20.871,1,14.0,False,,False,True,84.366
0 days 01:58:16.300000,HUL,27,0 days 00:01:24.676000,44.0,3.0,,,0 days 00:00:30.069000,0 days 00:00:30.735000,0 days 00:00:23.872000,0 days 01:57:21.698000,0 days 01:57:52.433000,0 days 01:58:16.305000,285.0,239.0,254.0,295.0,False,HARD,15.0,True,Haas F1 Team,0 days 01:56:51.624000,2024-07-21 14:04:45.237,1,14.0,False,,False,True,84.676
0 days 01:59:42.355000,HUL,27,0 days 00:01:26.055000,45.0,3.0,,,0 days 00:00:30.281000,0 days 00:00:31.513000,0 days 00:00:24.261000,0 days 01:58:46.586000,0 days 01:59:18.099000,0 days 01:59:42.360000,272.0,239.0,252.0,311.0,False,HARD,16.0,True,Haas F1 Team,0 days 01:58:16.300000,2024-07-21 14:06:09.913,1,13.0,False,,False,True,86.055
0 days 02:01:05.969000,HUL,27,0 days 00:01:23.614000,46.0,3.0,,,0 days 00:00:29.695000,0 days 00:00:30.195000,0 days 00:00:23.724000,0 days 02:00:12.055000,0 days 02:00:42.250000,0 days 02:01:05.974000,283.0,240.0,249.0,307.0,False,HARD,17.0,True,Haas F1 Team,0 days 01:59:42.355000,2024-07-21 14:07:35.968,1,12.0,False,,False,True,83.614
0 days 02:02:30.363000,HUL,27,0 days 00:01:24.394000,47.0,3.0,,,0 days 00:00:30.085000,0 days 00:00:30.304000,0 days 00:00:24.005000,0 days 02:01:36.059000,0 days 02:02:06.363000,0 days 02:02:30.368000,281.0,239.0,248.0,294.0,False,HARD,18.0,True,Haas F1 Team,0 days 02:01:05.969000,2024-07-21 14:08:59.582,1,12.0,False,,False,True,84.394
0 days 02:03:55.783000,HUL,27,0 days 00:01:25.420000,48.0,3.0,,,0 days 00:00:30.504000,0 days 00:00:30.901000,0 days 00:00:24.015000,0 days 02:03:00.872000,0 days 02:03:31.773000,0 days 02:03:55.788000,275.0,238.0,249.0,,False,HARD,19.0,True,Haas F1 Team,0 days 02:02:30.363000,2024-07-21 14:10:23.976,1,13.0,False,,False,True,85.42
0 days 02:05:19.895000,HUL,27,0 days 00:01:24.112000,49.0,3.0,,,0 days 00:00:30.002000,0 days 00:00:30.225000,0 days 00:00:23.885000,0 days 02:04:25.790000,0 days 02:04:56.015000,0 days 02:05:19.900000,285.0,241.0,249.0,295.0,False,HARD,20.0,True,Haas F1 Team,0 days 02:03:55.783000,2024-07-21 14:11:49.396,1,13.0,False,,False,True,84.112
0 days 02:06:43.746000,HUL,27,0 days 00:01:23.851000,50.0,3.0,,,0 days 00:00:29.996000,0 days 00:00:30.040000,0 days 00:00:23.815000,0 days 02:05:49.896000,0 days 02:06:19.936000,0 days 02:06:43.751000,284.0,240.0,249.0,294.0,False,HARD,21.0,True,Haas F1 Team,0 days 02:05:19.895000,2024-07-21 14:13:13.508,1,13.0,False,,False,True,83.851
0 days 02:08:07.776000,HUL,27,0 days 00:01:24.030000,51.0,3.0,,,0 days 00:00:29.971000,0 days 00:00:30.258000,0 days 00:00:23.801000,0 days 02:07:13.722000,0 days 02:07:43.980000,0 days 02:08:07.781000,,239.0,247.0,295.0,False,HARD,22.0,True,Haas F1 Team,0 days 02:06:43.746000,2024-07-21 14:14:37.359,1,13.0,False,,False,True,84.03
0 days 02:09:31.654000,HUL,27,0 days 00:01:23.878000,52.0,3.0,,,0 days 00:00:29.932000,0 days 00:00:30.058000,0 days 00:00:23.888000,0 days 02:08:37.713000,0 days 02:09:07.771000,0 days 02:09:31.659000,,240.0,250.0,,False,HARD,23.0,True,Haas F1 Team,0 days 02:08:07.776000,2024-07-21 14:16:01.389,1,13.0,False,,False,True,83.878
0 days 02:10:55.213000,HUL,27,0 days 00:01:23.559000,53.0,3.0,,,0 days 00:00:29.907000,0 days 00:00:30.006000,0 days 00:00:23.646000,0 days 02:10:01.566000,0 days 02:10:31.572000,0 days 02:10:55.218000,285.0,240.0,250.0,296.0,False,HARD,24.0,True,Haas F1 Team,0 days 02:09:31.654000,2024-07-21 14:17:25.267,1,13.0,False,,False,True,83.559
0 days 02:12:18.674000,HUL,27,0 days 00:01:23.461000,54.0,3.0,,,0 days 00:00:29.961000,0 days 00:00:29.872000,0 days 00:00:23.628000,0 days 02:11:25.179000,0 days 02:11:55.051000,0 days 02:12:18.679000,284.0,238.0,250.0,,True,HARD,25.0,True,Haas F1 Team,0 days 02:10:55.213000,2024-07-21 14:18:48.826,1,13.0,False,,False,True,83.461
0 days 02:13:42.271000,HUL,27,0 days 00:01:23.597000,55.0,3.0,,,0 days 00:00:29.799000,0 days 00:00:29.927000,0 days 00:00:23.871000,0 days 02:12:48.478000,0 days 02:13:18.405000,0 days 02:13:42.276000,285.0,240.0,250.0,295.0,False,HARD,26.0,True,Haas F1 Team,0 days 02:12:18.674000,2024-07-21 14:20:12.287,1,13.0,False,,False,True,83.597
0 days 02:15:06.012000,HUL,27,0 days 00:01:23.741000,56.0,3.0,,,0 days 00:00:30.009000,0 days 00:00:29.940000,0 days 00:00:23.792000,0 days 02:14:12.285000,0 days 02:14:42.225000,0 days 02:15:06.017000,284.0,241.0,249.0,294.0,False,HARD,27.0,True,Haas F1 Team,0 days 02:13:42.271000,2024-07-21 14:21:35.884,1,13.0,False,,False,True,83.741
0 days 02:16:29.983000,HUL,27,0 days 00:01:23.971000,57.0,3.0,,,0 days 00:00:29.962000,0 days 00:00:30.226000,0 days 00:00:23.783000,0 days 02:15:35.979000,0 days 02:16:06.205000,0 days 02:16:29.988000,285.0,240.0,250.0,295.0,False,HARD,28.0,True,Haas F1 Team,0 days 02:15:06.012000,2024-07-21 14:22:59.625,1,13.0,False,,False,True,83.971
0 days 02:17:55.944000,HUL,27,0 days 00:01:25.961000,58.0,3.0,,,0 days 00:00:29.948000,0 days 00:00:30.269000,0 days 00:00:25.744000,0 days 02:16:59.936000,0 days 02:17:30.205000,0 days 02:17:55.949000,,219.0,247.0,294.0,False,HARD,29.0,True,Haas F1 Team,0 days 02:16:29.983000,2024-07-21 14:24:23.596,1,13.0,False,,False,True,85.961
0 days 02:19:22.440000,HUL,27,0 days 00:01:26.496000,59.0,3.0,,,0 days 00:00:30.258000,0 days 00:00:30.679000,0 days 00:00:25.559000,0 days 02:18:26.207000,0 days 02:18:56.886000,0 days 02:19:22.445000,286.0,214.0,248.0,296.0,False,HARD,30.0,True,Haas F1 Team,0 days 02:17:55.944000,2024-07-21 14:25:49.557,1,13.0,False,,False,True,86.496
0 days 02:20:47.462000,HUL,27,0 days 00:01:25.022000,60.0,3.0,,,0 days 00:00:30.230000,0 days 00:00:30.643000,0 days 00:00:24.149000,0 days 02:19:52.675000,0 days 02:20:23.318000,0 days 02:20:47.467000,,236.0,249.0,,False,HARD,31.0,True,Haas F1 Team,0 days 02:19:22.440000,2024-07-21 14:27:16.053,1,13.0,False,,False,True,85.022
0 days 02:22:11.564000,HUL,27,0 days 00:01:24.102000,61.0,3.0,,,0 days 00:00:29.957000,0 days 00:00:30.097000,0 days 00:00:24.048000,0 days 02:21:17.424000,0 days 02:21:47.521000,0 days 02:22:11.569000,,240.0,248.0,295.0,False,HARD,32.0,True,Haas F1 Team,0 days 02:20:47.462000,2024-07-21 14:28:41.075,1,13.0,False,,False,True,84.102
0 days 02:23:35.844000,HUL,27,0 days 00:01:24.280000,62.0,3.0,,,0 days 00:00:30.199000,0 days 00:00:30.165000,0 days 00:00:23.916000,0 days 02:22:41.768000,0 days 02:23:11.933000,0 days 02:23:35.849000,285.0,241.0,248.0,294.0,False,HARD,33.0,True,Haas F1 Team,0 days 02:22:11.564000,2024-07-21 14:30:05.177,12,13.0,False,,False,True,84.28
0 days 02:25:01.334000,HUL,27,0 days 00:01:25.490000,63.0,3.0,,,0 days 00:00:30.358000,0 days 00:00:30.701000,0 days 00:00:24.431000,0 days 02:24:06.207000,0 days 02:24:36.908000,0 days 02:25:01.339000,284.0,236.0,246.0,293.0,False,HARD,34.0,True,Haas F1 Team,0 days 02:23:35.844000,2024-07-21 14:31:29.457,1,13.0,False,,False,True,85.49
0 days 02:26:26.587000,HUL,27,0 days 00:01:25.253000,64.0,3.0,,,0 days 00:00:30.309000,0 days 00:00:30.764000,0 days 00:00:24.180000,0 days 02:25:31.648000,0 days 02:26:02.412000,0 days 02:26:26.592000,285.0,240.0,249.0,292.0,False,HARD,35.0,True,Haas F1 Team,0 days 02:25:01.334000,2024-07-21 14:32:54.947,1,13.0,False,,False,True,85.253
0 days 02:27:55.557000,HUL,27,0 days 00:01:28.970000,65.0,3.0,,,0 days 00:00:32.077000,0 days 00:00:31.134000,0 days 00:00:25.759000,0 days 02:26:58.669000,0 days 02:27:29.803000,0 days 02:27:55.562000,,238.0,248.0,294.0,False,HARD,36.0,True,Haas F1 Team,0 days 02:26:26.587000,2024-07-21 14:34:20.200,1,13.0,False,,False,True,88.97
0 days 02:29:24.466000,HUL,27,0 days 00:01:28.909000,66.0,3.0,,,0 days 00:00:33.216000,0 days 00:00:31.299000,0 days 00:00:24.394000,0 days 02:28:28.778000,0 days 02:29:00.077000,0 days 02:29:24.471000,286.0,237.0,249.0,301.0,False,HARD,37.0,True,Haas F1 Team,0 days 02:27:55.557000,2024-07-21 14:35:49.170,1,13.0,False,,False,True,88.909
0 days 02:30:50.111000,HUL,27,0 days 00:01:25.645000,67.0,3.0,,,0 days 00:00:30.464000,0 days 00:00:30.909000,0 days 00:00:24.272000,0 days 02:29:54.935000,0 days 02:30:25.844000,0 days 02:30:50.116000,285.0,239.0,250.0,297.0,False,HARD,38.0,True,Haas F1 Team,0 days 02:29:24.466000,2024-07-21 14:37:18.079,1,13.0,False,,False,True,85.645
0 days 02:32:15.081000,HUL,27,0 days 00:01:24.970000,68.0,3.0,,,0 days 00:00:30.375000,0 days 00:00:30.378000,0 days 00:00:24.217000,0 days 02:31:20.491000,0 days 02:31:50.869000,0 days 02:32:15.086000,284.0,241.0,249.0,295.0,False,HARD,39.0,True,Haas F1 Team,0 days 02:30:50.111000,2024-07-21 14:38:43.724,1,13.0,False,,False,True,84.97
0 days 02:33:40.375000,HUL,27,0 days 00:01:25.294000,69.0,3.0,,,0 days 00:00:30.340000,0 days 00:00:30.567000,0 days 00:00:24.387000,0 days 02:32:45.426000,0 days 02:33:15.993000,0 days 02:33:40.380000,,240.0,245.0,,False,HARD,40.0,True,Haas F1 Team,0 days 02:32:15.081000,2024-07-21 14:40:08.694,1,13.0,False,,False,True,85.294
0 days 00:56:38.442000,ALB,23,0 days 00:01:33.240000,1.0,1.0,,,,0 days 00:00:33.005000,0 days 00:00:24.071000,,0 days 00:56:14.463000,0 days 00:56:38.559000,238.0,233.0,245.0,261.0,False,SOFT,1.0,True,Williams,0 days 00:55:04.938000,2024-07-21 13:02:58.551,1,9.0,False,,False,False,93.24
0 days 00:58:04.883000,ALB,23,0 days 00:01:26.441000,2.0,1.0,,,0 days 00:00:30.724000,0 days 00:00:31.443000,0 days 00:00:24.274000,0 days 00:57:09.180000,0 days 00:57:40.623000,0 days 00:58:04.897000,267.0,234.0,249.0,291.0,True,SOFT,2.0,True,Williams,0 days 00:56:38.442000,2024-07-21 13:04:32.055,1,9.0,False,,False,True,86.441
0 days 00:59:31.466000,ALB,23,0 days 00:01:26.583000,3.0,1.0,,,0 days 00:00:30.502000,0 days 00:00:31.975000,0 days 00:00:24.106000,0 days 00:58:35.399000,0 days 00:59:07.374000,0 days 00:59:31.480000,266.0,231.0,249.0,305.0,False,SOFT,3.0,True,Williams,0 days 00:58:04.883000,2024-07-21 13:05:58.496,1,9.0,False,,False,True,86.583
0 days 01:00:57.399000,ALB,23,0 days 00:01:25.933000,4.0,1.0,,,0 days 00:00:30.524000,0 days 00:00:31.347000,0 days 00:00:24.062000,0 days 01:00:02.004000,0 days 01:00:33.351000,0 days 01:00:57.413000,265.0,233.0,250.0,,True,SOFT,4.0,True,Williams,0 days 00:59:31.466000,2024-07-21 13:07:25.079,1,9.0,False,,False,True,85.933
0 days 01:02:23.578000,ALB,23,0 days 00:01:26.179000,5.0,1.0,,,0 days 00:00:30.116000,0 days 00:00:31.776000,0 days 00:00:24.287000,0 days 01:01:27.529000,0 days 01:01:59.305000,0 days 01:02:23.592000,253.0,231.0,248.0,,False,SOFT,5.0,True,Williams,0 days 01:00:57.399000,2024-07-21 13:08:51.012,1,9.0,False,,False,True,86.179
0 days 01:03:51.636000,ALB,23,0 days 00:01:28.058000,6.0,1.0,,0 days 01:03:49.888000,0 days 00:00:30.105000,0 days 00:00:31.500000,0 days 00:00:26.453000,0 days 01:02:53.697000,0 days 01:03:25.197000,0 days 01:03:51.650000,263.0,232.0,,,False,SOFT,6.0,True,Williams,0 days 01:02:23.578000,2024-07-21 13:10:17.191,1,11.0,False,,False,False,88.058
0 days 01:05:33.834000,ALB,23,0 days 00:01:42.198000,7.0,2.0,0 days 01:04:11.969000,,0 days 00:00:48.975000,0 days 00:00:29.992000,0 days 00:00:23.231000,0 days 01:04:40.625000,0 days 01:05:10.617000,0 days 01:05:33.848000,267.0,237.0,245.0,,False,HARD,1.0,True,Williams,0 days 01:03:51.636000,2024-07-21 13:11:45.249,1,18.0,False,,False,False,102.198
0 days 01:06:58.458000,ALB,23,0 days 00:01:24.624000,8.0,2.0,,,0 days 00:00:30.149000,0 days 00:00:30.796000,0 days 00:00:23.679000,0 days 01:06:03.997000,0 days 01:06:34.793000,0 days 01:06:58.472000,,234.0,248.0,286.0,True,HARD,2.0,True,Williams,0 days 01:05:33.834000,2024-07-21 13:13:27.447,1,16.0,False,,False,True,84.624
0 days 01:08:23.350000,ALB,23,0 days 00:01:24.892000,9.0,2.0,,,0 days 00:00:29.965000,0 days 00:00:31,0 days 00:00:23.927000,0 days 01:07:28.437000,0 days 01:07:59.437000,0 days 01:08:23.364000,264.0,234.0,248.0,303.0,False,HARD,3.0,True,Williams,0 days 01:06:58.458000,2024-07-21 13:14:52.071,1,15.0,False,,False,True,84.892
0 days 01:09:48.461000,ALB,23,0 days 00:01:25.111000,10.0,2.0,,,0 days 00:00:30.327000,0 days 00:00:30.804000,0 days 00:00:23.980000,0 days 01:08:53.691000,0 days 01:09:24.495000,0 days 01:09:48.475000,265.0,235.0,248.0,,False,HARD,4.0,True,Williams,0 days 01:08:23.350000,2024-07-21 13:16:16.963,1,15.0,False,,False,True,85.111
0 days 01:11:13.033000,ALB,23,0 days 00:01:24.572000,11.0,2.0,,,0 days 00:00:30.021000,0 days 00:00:30.632000,0 days 00:00:23.919000,0 days 01:10:18.496000,0 days 01:10:49.128000,0 days 01:11:13.047000,269.0,234.0,248.0,302.0,True,HARD,5.0,True,Williams,0 days 01:09:48.461000,2024-07-21 13:17:42.074,1,15.0,False,,False,True,84.572
0 days 01:12:37.922000,ALB,23,0 days 00:01:24.889000,12.0,2.0,,,0 days 00:00:29.952000,0 days 00:00:30.831000,0 days 00:00:24.106000,0 days 01:11:42.999000,0 days 01:12:13.830000,0 days 01:12:37.936000,271.0,234.0,247.0,304.0,False,HARD,6.0,True,Williams,0 days 01:11:13.033000,2024-07-21 13:19:06.646,1,15.0,False,,False,True,84.889
0 days 01:14:03.303000,ALB,23,0 days 00:01:25.381000,13.0,2.0,,,0 days 00:00:30.404000,0 days 00:00:30.849000,0 days 00:00:24.128000,0 days 01:13:08.340000,0 days 01:13:39.189000,0 days 01:14:03.317000,270.0,233.0,247.0,303.0,False,HARD,7.0,True,Williams,0 days 01:12:37.922000,2024-07-21 13:20:31.535,1,15.0,False,,False,True,85.381
0 days 01:15:28.371000,ALB,23,0 days 00:01:25.068000,14.0,2.0,,,0 days 00:00:30.349000,0 days 00:00:30.717000,0 days 00:00:24.002000,0 days 01:14:33.666000,0 days 01:15:04.383000,0 days 01:15:28.385000,,235.0,244.0,,False,HARD,8.0,True,Williams,0 days 01:14:03.303000,2024-07-21 13:21:56.916,1,15.0,False,,False,True,85.068
0 days 01:16:53.503000,ALB,23,0 days 00:01:25.132000,15.0,2.0,,,0 days 00:00:30.433000,0 days 00:00:30.704000,0 days 00:00:23.995000,0 days 01:15:58.818000,0 days 01:16:29.522000,0 days 01:16:53.517000,275.0,236.0,247.0,291.0,False,HARD,9.0,True,Williams,0 days 01:15:28.371000,2024-07-21 13:23:21.984,1,14.0,False,,False,True,85.132
0 days 01:18:19.004000,ALB,23,0 days 00:01:25.501000,16.0,2.0,,,0 days 00:00:30.363000,0 days 00:00:31.094000,0 days 00:00:24.044000,0 days 01:17:23.880000,0 days 01:17:54.974000,0 days 01:18:19.018000,266.0,233.0,247.0,303.0,False,HARD,10.0,True,Williams,0 days 01:16:53.503000,2024-07-21 13:24:47.116,1,14.0,False,,False,True,85.501
0 days 01:19:44.948000,ALB,23,0 days 00:01:25.944000,17.0,2.0,,,0 days 00:00:30.229000,0 days 00:00:31.407000,0 days 00:00:24.308000,0 days 01:18:49.247000,0 days 01:19:20.654000,0 days 01:19:44.962000,276.0,233.0,242.0,301.0,False,HARD,11.0,True,Williams,0 days 01:18:19.004000,2024-07-21 13:26:12.617,1,13.0,False,,False,True,85.944
0 days 01:21:11.785000,ALB,23,0 days 00:01:26.837000,18.0,2.0,,,0 days 00:00:30.951000,0 days 00:00:31.573000,0 days 00:00:24.313000,0 days 01:20:15.913000,0 days 01:20:47.486000,0 days 01:21:11.799000,268.0,233.0,243.0,288.0,False,HARD,12.0,True,Williams,0 days 01:19:44.948000,2024-07-21 13:27:38.561,1,14.0,False,,False,True,86.837
0 days 01:22:37.436000,ALB,23,0 days 00:01:25.651000,19.0,2.0,,,0 days 00:00:30.607000,0 days 00:00:30.859000,0 days 00:00:24.185000,0 days 01:21:42.406000,0 days 01:22:13.265000,0 days 01:22:37.450000,272.0,234.0,244.0,,False,HARD,13.0,True,Williams,0 days 01:21:11.785000,2024-07-21 13:29:05.398,1,14.0,False,,False,True,85.651
0 days 01:24:02.633000,ALB,23,0 days 00:01:25.197000,20.0,2.0,,,0 days 00:00:30.519000,0 days 00:00:30.647000,0 days 00:00:24.031000,0 days 01:23:07.969000,0 days 01:23:38.616000,0 days 01:24:02.647000,276.0,235.0,244.0,,False,HARD,14.0,True,Williams,0 days 01:22:37.436000,2024-07-21 13:30:31.049,1,14.0,False,,False,True,85.197
0 days 01:25:28.023000,ALB,23,0 days 00:01:25.390000,21.0,2.0,,,0 days 00:00:30.417000,0 days 00:00:30.760000,0 days 00:00:24.213000,0 days 01:24:33.064000,0 days 01:25:03.824000,0 days 01:25:28.037000,275.0,234.0,243.0,290.0,False,HARD,15.0,True,Williams,0 days 01:24:02.633000,2024-07-21 13:31:56.246,1,14.0,False,,False,True,85.39
0 days 01:26:53.147000,ALB,23,0 days 00:01:25.124000,22.0,2.0,,,0 days 00:00:30.550000,0 days 00:00:30.474000,0 days 00:00:24.100000,0 days 01:25:58.587000,0 days 01:26:29.061000,0 days 01:26:53.161000,270.0,235.0,243.0,,False,HARD,16.0,True,Williams,0 days 01:25:28.023000,2024-07-21 13:33:21.636,1,14.0,False,,False,True,85.124
0 days 01:28:18.494000,ALB,23,0 days 00:01:25.347000,23.0,2.0,,,0 days 00:00:30.487000,0 days 00:00:30.609000,0 days 00:00:24.251000,0 days 01:27:23.648000,0 days 01:27:54.257000,0 days 01:28:18.508000,271.0,235.0,244.0,289.0,False,HARD,17.0,True,Williams,0 days 01:26:53.147000,2024-07-21 13:34:46.760,1,14.0,False,,False,True,85.347
0 days 01:29:44.080000,ALB,23,0 days 00:01:25.586000,24.0,2.0,,,0 days 00:00:30.564000,0 days 00:00:30.701000,0 days 00:00:24.321000,0 days 01:28:49.072000,0 days 01:29:19.773000,0 days 01:29:44.094000,,233.0,243.0,290.0,False,HARD,18.0,True,Williams,0 days 01:28:18.494000,2024-07-21 13:36:12.107,1,14.0,False,,False,True,85.586
0 days 01:31:09.618000,ALB,23,0 days 00:01:25.538000,25.0,2.0,,,0 days 00:00:30.581000,0 days 00:00:30.699000,0 days 00:00:24.258000,0 days 01:30:14.675000,0 days 01:30:45.374000,0 days 01:31:09.632000,,235.0,242.0,289.0,False,HARD,19.0,True,Williams,0 days 01:29:44.080000,2024-07-21 13:37:37.693,1,14.0,False,,False,True,85.538
0 days 01:32:35.458000,ALB,23,0 days 00:01:25.840000,26.0,2.0,,,0 days 00:00:30.676000,0 days 00:00:30.811000,0 days 00:00:24.353000,0 days 01:31:40.308000,0 days 01:32:11.119000,0 days 01:32:35.472000,,235.0,243.0,,False,HARD,20.0,True,Williams,0 days 01:31:09.618000,2024-07-21 13:39:03.231,1,14.0,False,,False,True,85.84
0 days 01:34:01.315000,ALB,23,0 days 00:01:25.857000,27.0,2.0,,,0 days 00:00:30.644000,0 days 00:00:30.786000,0 days 00:00:24.427000,0 days 01:33:06.116000,0 days 01:33:36.902000,0 days 01:34:01.329000,,235.0,243.0,290.0,False,HARD,21.0,True,Williams,0 days 01:32:35.458000,2024-07-21 13:40:29.071,1,14.0,False,,False,True,85.857
0 days 01:35:27.324000,ALB,23,0 days 00:01:26.009000,28.0,2.0,,,0 days 00:00:30.773000,0 days 00:00:30.830000,0 days 00:00:24.406000,0 days 01:34:32.102000,0 days 01:35:02.932000,0 days 01:35:27.338000,,233.0,243.0,291.0,False,HARD,22.0,True,Williams,0 days 01:34:01.315000,2024-07-21 13:41:54.928,1,14.0,False,,False,True,86.009
0 days 01:36:55.292000,ALB,23,0 days 00:01:27.968000,29.0,2.0,,0 days 01:36:53.545000,0 days 00:00:30.538000,0 days 00:00:30.643000,0 days 00:00:26.787000,0 days 01:35:57.876000,0 days 01:36:28.519000,0 days 01:36:55.306000,273.0,234.0,,292.0,False,HARD,23.0,True,Williams,0 days 01:35:27.324000,2024-07-21 13:43:20.937,1,15.0,False,,False,False,87.968
0 days 01:38:39.028000,ALB,23,0 days 00:01:43.736000,30.0,3.0,0 days 01:37:17.126000,,0 days 00:00:50.166000,0 days 00:00:29.975000,0 days 00:00:23.595000,0 days 01:37:45.472000,0 days 01:38:15.447000,0 days 01:38:39.042000,272.0,233.0,247.0,,False,HARD,1.0,True,Williams,0 days 01:36:55.292000,2024-07-21 13:44:48.905,1,20.0,False,,False,False,103.736
0 days 01:40:02.958000,ALB,23,0 days 00:01:23.930000,31.0,3.0,,,0 days 00:00:30.035000,0 days 00:00:30.222000,0 days 00:00:23.673000,0 days 01:39:09.077000,0 days 01:39:39.299000,0 days 01:40:02.972000,271.0,234.0,246.0,290.0,True,HARD,2.0,True,Williams,0 days 01:38:39.028000,2024-07-21 13:46:32.641,1,19.0,False,,False,True,83.93
0 days 01:41:26.993000,ALB,23,0 days 00:01:24.035000,32.0,3.0,,,0 days 00:00:30.139000,0 days 00:00:30.202000,0 days 00:00:23.694000,0 days 01:40:33.111000,0 days 01:41:03.313000,0 days 01:41:27.007000,268.0,235.0,246.0,291.0,False,HARD,3.0,True,Williams,0 days 01:40:02.958000,2024-07-21 13:47:56.571,1,19.0,False,,False,True,84.035
0 days 01:42:51.022000,ALB,23,0 days 00:01:24.029000,33.0,3.0,,,0 days 00:00:30.096000,0 days 00:00:30.243000,0 days 00:00:23.690000,0 days 01:41:57.103000,0 days 01:42:27.346000,0 days 01:42:51.036000,271.0,235.0,247.0,290.0,False,HARD,4.0,True,Williams,0 days 01:41:26.993000,2024-07-21 13:49:20.606,1,19.0,False,,False,True,84.029
0 days 01:44:15.283000,ALB,23,0 days 00:01:24.261000,34.0,3.0,,,0 days 00:00:30.092000,0 days 00:00:30.329000,0 days 00:00:23.840000,0 days 01:43:21.128000,0 days 01:43:51.457000,0 days 01:44:15.297000,270.0,235.0,252.0,292.0,False,HARD,5.0,True,Williams,0 days 01:42:51.022000,2024-07-21 13:50:44.635,1,17.0,False,,False,True,84.261
0 days 01:45:40.048000,ALB,23,0 days 00:01:24.765000,35.0,3.0,,,0 days 00:00:30.595000,0 days 00:00:30.341000,0 days 00:00:23.829000,0 days 01:44:45.892000,0 days 01:45:16.233000,0 days 01:45:40.062000,268.0,235.0,245.0,310.0,False,HARD,6.0,True,Williams,0 days 01:44:15.283000,2024-07-21 13:52:08.896,1,15.0,False,,False,True,84.765
0 days 01:47:04.480000,ALB,23,0 days 00:01:24.432000,36.0,3.0,,,0 days 00:00:30.302000,0 days 00:00:30.369000,0 days 00:00:23.761000,0 days 01:46:10.364000,0 days 01:46:40.733000,0 days 01:47:04.494000,273.0,235.0,247.0,291.0,False,HARD,7.0,True,Williams,0 days 01:45:40.048000,2024-07-21 13:53:33.661,1,15.0,False,,False,True,84.432
0 days 01:48:28.772000,ALB,23,0 days 00:01:24.292000,37.0,3.0,,,0 days 00:00:30.213000,0 days 00:00:30.255000,0 days 00:00:23.824000,0 days 01:47:34.707000,0 days 01:48:04.962000,0 days 01:48:28.786000,269.0,235.0,245.0,,False,HARD,8.0,True,Williams,0 days 01:47:04.480000,2024-07-21 13:54:58.093,1,15.0,False,,False,True,84.292
0 days 01:49:52.920000,ALB,23,0 days 00:01:24.148000,38.0,3.0,,,0 days 00:00:30.359000,0 days 00:00:30.207000,0 days 00:00:23.582000,0 days 01:48:59.145000,0 days 01:49:29.352000,0 days 01:49:52.934000,273.0,236.0,246.0,,False,HARD,9.0,True,Williams,0 days 01:48:28.772000,2024-07-21 13:56:22.385,1,15.0,False,,False,True,84.148
0 days 01:51:17.169000,ALB,23,0 days 00:01:24.249000,39.0,3.0,,,0 days 00:00:30.304000,0 days 00:00:30.134000,0 days 00:00:23.811000,0 days 01:50:23.238000,0 days 01:50:53.372000,0 days 01:51:17.183000,274.0,236.0,245.0,,False,HARD,10.0,True,Williams,0 days 01:49:52.920000,2024-07-21 13:57:46.533,1,15.0,False,,False,True,84.249
0 days 01:52:41.454000,ALB,23,0 days 00:01:24.285000,40.0,3.0,,,0 days 00:00:30.322000,0 days 00:00:30.095000,0 days 00:00:23.868000,0 days 01:51:47.505000,0 days 01:52:17.600000,0 days 01:52:41.468000,271.0,236.0,245.0,290.0,False,HARD,11.0,True,Williams,0 days 01:51:17.169000,2024-07-21 13:59:10.782,1,15.0,False,,False,True,84.285
0 days 01:54:05.765000,ALB,23,0 days 00:01:24.311000,41.0,3.0,,,0 days 00:00:30.269000,0 days 00:00:30.139000,0 days 00:00:23.903000,0 days 01:53:11.737000,0 days 01:53:41.876000,0 days 01:54:05.779000,274.0,235.0,246.0,,False,HARD,12.0,True,Williams,0 days 01:52:41.454000,2024-07-21 14:00:35.067,1,15.0,False,,False,True,84.311
0 days 01:55:29.813000,ALB,23,0 days 00:01:24.048000,42.0,3.0,,,0 days 00:00:30.153000,0 days 00:00:30.182000,0 days 00:00:23.713000,0 days 01:54:35.932000,0 days 01:55:06.114000,0 days 01:55:29.827000,272.0,235.0,246.0,291.0,False,HARD,13.0,True,Williams,0 days 01:54:05.765000,2024-07-21 14:01:59.378,1,15.0,False,,False,True,84.048
0 days 01:56:53.940000,ALB,23,0 days 00:01:24.127000,43.0,3.0,,,0 days 00:00:30.110000,0 days 00:00:30.308000,0 days 00:00:23.709000,0 days 01:55:59.937000,0 days 01:56:30.245000,0 days 01:56:53.954000,279.0,237.0,245.0,,False,HARD,14.0,True,Williams,0 days 01:55:29.813000,2024-07-21 14:03:23.426,1,15.0,False,,False,True,84.127
0 days 01:58:18.735000,ALB,23,0 days 00:01:24.795000,44.0,3.0,,,0 days 00:00:30.309000,0 days 00:00:30.586000,0 days 00:00:23.900000,0 days 01:57:24.263000,0 days 01:57:54.849000,0 days 01:58:18.749000,274.0,236.0,246.0,289.0,False,HARD,15.0,True,Williams,0 days 01:56:53.940000,2024-07-21 14:04:47.553,1,15.0,False,,False,True,84.795
0 days 01:59:43.522000,ALB,23,0 days 00:01:24.787000,45.0,3.0,,,0 days 00:00:30.313000,0 days 00:00:30.414000,0 days 00:00:24.060000,0 days 01:58:49.062000,0 days 01:59:19.476000,0 days 01:59:43.536000,273.0,236.0,246.0,293.0,False,HARD,16.0,True,Williams,0 days 01:58:18.735000,2024-07-21 14:06:12.348,1,14.0,False,,False,True,84.787
0 days 02:01:07.934000,ALB,23,0 days 00:01:24.412000,46.0,3.0,,,0 days 00:00:30.268000,0 days 00:00:30.243000,0 days 00:00:23.901000,0 days 02:00:13.804000,0 days 02:00:44.047000,0 days 02:01:07.948000,272.0,237.0,246.0,295.0,False,HARD,17.0,True,Williams,0 days 01:59:43.522000,2024-07-21 14:07:37.135,1,13.0,False,,False,True,84.412
0 days 02:02:32.992000,ALB,23,0 days 00:01:25.058000,47.0,3.0,,,0 days 00:00:30.573000,0 days 00:00:30.443000,0 days 00:00:24.042000,0 days 02:01:38.521000,0 days 02:02:08.964000,0 days 02:02:33.006000,274.0,235.0,246.0,291.0,False,HARD,18.0,True,Williams,0 days 02:01:07.934000,2024-07-21 14:09:01.547,1,14.0,False,,False,True,85.058
0 days 02:03:57.666000,ALB,23,0 days 00:01:24.674000,48.0,3.0,,,0 days 00:00:30.415000,0 days 00:00:30.281000,0 days 00:00:23.978000,0 days 02:03:03.421000,0 days 02:03:33.702000,0 days 02:03:57.680000,272.0,235.0,246.0,,False,HARD,19.0,True,Williams,0 days 02:02:32.992000,2024-07-21 14:10:26.605,1,14.0,False,,False,True,84.674
0 days 02:05:22.023000,ALB,23,0 days 00:01:24.357000,49.0,3.0,,,0 days 00:00:30.264000,0 days 00:00:30.107000,0 days 00:00:23.986000,0 days 02:04:27.944000,0 days 02:04:58.051000,0 days 02:05:22.037000,274.0,238.0,246.0,,False,HARD,20.0,True,Williams,0 days 02:03:57.666000,2024-07-21 14:11:51.279,1,14.0,False,,False,True,84.357
0 days 02:06:46.330000,ALB,23,0 days 00:01:24.307000,50.0,3.0,,,0 days 00:00:30.316000,0 days 00:00:30.043000,0 days 00:00:23.948000,0 days 02:05:52.353000,0 days 02:06:22.396000,0 days 02:06:46.344000,273.0,233.0,246.0,,False,HARD,21.0,True,Williams,0 days 02:05:22.023000,2024-07-21 14:13:15.636,1,14.0,False,,False,True,84.307
0 days 02:08:10.523000,ALB,23,0 days 00:01:24.193000,51.0,3.0,,,0 days 00:00:30.327000,0 days 00:00:30.063000,0 days 00:00:23.803000,0 days 02:07:16.671000,0 days 02:07:46.734000,0 days 02:08:10.537000,274.0,236.0,245.0,,False,HARD,22.0,True,Williams,0 days 02:06:46.330000,2024-07-21 14:14:39.943,1,14.0,False,,False,True,84.193
0 days 02:09:34.584000,ALB,23,0 days 00:01:24.061000,52.0,3.0,,,0 days 00:00:30.175000,0 days 00:00:29.927000,0 days 00:00:23.959000,0 days 02:08:40.712000,0 days 02:09:10.639000,0 days 02:09:34.598000,275.0,237.0,245.0,292.0,False,HARD,23.0,True,Williams,0 days 02:08:10.523000,2024-07-21 14:16:04.136,1,14.0,False,,False,True,84.061
0 days 02:10:58.599000,ALB,23,0 days 00:01:24.015000,53.0,3.0,,,0 days 00:00:30.207000,0 days 00:00:30.003000,0 days 00:00:23.805000,0 days 02:10:04.805000,0 days 02:10:34.808000,0 days 02:10:58.613000,274.0,235.0,247.0,,False,HARD,24.0,True,Williams,0 days 02:09:34.584000,2024-07-21 14:17:28.197,1,14.0,False,,False,True,84.015
0 days 02:12:22.597000,ALB,23,0 days 00:01:23.998000,54.0,3.0,,,0 days 00:00:30.258000,0 days 00:00:29.920000,0 days 00:00:23.820000,0 days 02:11:28.871000,0 days 02:11:58.791000,0 days 02:12:22.611000,273.0,234.0,246.0,293.0,False,HARD,25.0,True,Williams,0 days 02:10:58.599000,2024-07-21 14:18:52.212,1,14.0,False,,False,True,83.998
0 days 02:13:46.590000,ALB,23,0 days 00:01:23.993000,55.0,3.0,,,0 days 00:00:30.209000,0 days 00:00:29.925000,0 days 00:00:23.859000,0 days 02:12:52.820000,0 days 02:13:22.745000,0 days 02:13:46.604000,,236.0,246.0,291.0,False,HARD,26.0,True,Williams,0 days 02:12:22.597000,2024-07-21 14:20:16.210,1,14.0,False,,False,True,83.993
0 days 02:15:12.389000,ALB,23,0 days 00:01:25.799000,56.0,3.0,,,0 days 00:00:30.319000,0 days 00:00:31.561000,0 days 00:00:23.919000,0 days 02:14:16.923000,0 days 02:14:48.484000,0 days 02:15:12.403000,274.0,233.0,246.0,290.0,False,HARD,27.0,True,Williams,0 days 02:13:46.590000,2024-07-21 14:21:40.203,1,14.0,False,,False,True,85.799
0 days 02:16:38.568000,ALB,23,0 days 00:01:26.179000,57.0,3.0,,,0 days 00:00:30.195000,0 days 00:00:31.805000,0 days 00:00:24.179000,0 days 02:15:42.598000,0 days 02:16:14.403000,0 days 02:16:38.582000,273.0,233.0,246.0,293.0,False,HARD,28.0,True,Williams,0 days 02:15:12.389000,2024-07-21 14:23:06.002,1,14.0,False,,False,True,86.179
0 days 02:18:03.019000,ALB,23,0 days 00:01:24.451000,58.0,3.0,,,0 days 00:00:30.232000,0 days 00:00:30.157000,0 days 00:00:24.062000,0 days 02:17:08.814000,0 days 02:17:38.971000,0 days 02:18:03.033000,275.0,235.0,245.0,291.0,False,HARD,29.0,True,Williams,0 days 02:16:38.568000,2024-07-21 14:24:32.181,1,14.0,False,,False,True,84.451
0 days 02:19:27.659000,ALB,23,0 days 00:01:24.640000,59.0,3.0,,,0 days 00:00:30.284000,0 days 00:00:30.282000,0 days 00:00:24.074000,0 days 02:18:33.317000,0 days 02:19:03.599000,0 days 02:19:27.673000,274.0,234.0,245.0,290.0,False,HARD,30.0,True,Williams,0 days 02:18:03.019000,2024-07-21 14:25:56.632,1,14.0,False,,False,True,84.64
0 days 02:20:52.253000,ALB,23,0 days 00:01:24.594000,60.0,3.0,,,0 days 00:00:30.306000,0 days 00:00:30.285000,0 days 00:00:24.003000,0 days 02:19:57.979000,0 days 02:20:28.264000,0 days 02:20:52.267000,,233.0,246.0,289.0,False,HARD,31.0,True,Williams,0 days 02:19:27.659000,2024-07-21 14:27:21.272,1,14.0,False,,False,True,84.594
0 days 02:22:16.406000,ALB,23,0 days 00:01:24.153000,61.0,3.0,,,0 days 00:00:30.314000,0 days 00:00:29.905000,0 days 00:00:23.934000,0 days 02:21:22.581000,0 days 02:21:52.486000,0 days 02:22:16.420000,273.0,236.0,245.0,,False,HARD,32.0,True,Williams,0 days 02:20:52.253000,2024-07-21 14:28:45.866,1,14.0,False,,False,True,84.153
0 days 02:23:43.818000,ALB,23,0 days 00:01:27.412000,62.0,3.0,,,0 days 00:00:32.815000,0 days 00:00:30.521000,0 days 00:00:24.076000,0 days 02:22:49.235000,0 days 02:23:19.756000,0 days 02:23:43.832000,282.0,234.0,245.0,224.0,False,HARD,33.0,True,Williams,0 days 02:22:16.406000,2024-07-21 14:30:10.019,12,14.0,False,,False,True,87.412
0 days 02:25:13.381000,ALB,23,0 days 00:01:29.563000,63.0,3.0,,,0 days 00:00:31.546000,0 days 00:00:33.328000,0 days 00:00:24.689000,0 days 02:24:15.378000,0 days 02:24:48.706000,0 days 02:25:13.395000,198.0,231.0,246.0,291.0,False,HARD,34.0,True,Williams,0 days 02:23:43.818000,2024-07-21 14:31:37.431,1,14.0,False,,False,True,89.563
0 days 02:26:39.084000,ALB,23,0 days 00:01:25.703000,64.0,3.0,,,0 days 00:00:30.713000,0 days 00:00:30.801000,0 days 00:00:24.189000,0 days 02:25:44.108000,0 days 02:26:14.909000,0 days 02:26:39.098000,271.0,234.0,245.0,,False,HARD,35.0,True,Williams,0 days 02:25:13.381000,2024-07-21 14:33:06.994,1,14.0,False,,False,True,85.703
0 days 02:28:04.159000,ALB,23,0 days 00:01:25.075000,65.0,3.0,,,0 days 00:00:30.434000,0 days 00:00:30.581000,0 days 00:00:24.060000,0 days 02:27:09.532000,0 days 02:27:40.113000,0 days 02:28:04.173000,273.0,236.0,246.0,,False,HARD,36.0,True,Williams,0 days 02:26:39.084000,2024-07-21 14:34:32.697,1,14.0,False,,False,True,85.075
0 days 02:29:29.133000,ALB,23,0 days 00:01:24.974000,66.0,3.0,,,0 days 00:00:30.502000,0 days 00:00:30.370000,0 days 00:00:24.102000,0 days 02:28:34.675000,0 days 02:29:05.045000,0 days 02:29:29.147000,271.0,235.0,245.0,,False,HARD,37.0,True,Williams,0 days 02:28:04.159000,2024-07-21 14:35:57.772,1,14.0,False,,False,True,84.974
0 days 02:30:54.120000,ALB,23,0 days 00:01:24.987000,67.0,3.0,,,0 days 00:00:30.512000,0 days 00:00:30.340000,0 days 00:00:24.135000,0 days 02:29:59.659000,0 days 02:30:29.999000,0 days 02:30:54.134000,,236.0,245.0,,False,HARD,38.0,True,Williams,0 days 02:29:29.133000,2024-07-21 14:37:22.746,1,14.0,False,,False,True,84.987
0 days 02:32:19.100000,ALB,23,0 days 00:01:24.980000,68.0,3.0,,,0 days 00:00:30.505000,0 days 00:00:30.245000,0 days 00:00:24.230000,0 days 02:31:24.639000,0 days 02:31:54.884000,0 days 02:32:19.114000,275.0,235.0,244.0,,False,HARD,39.0,True,Williams,0 days 02:30:54.120000,2024-07-21 14:38:47.733,1,14.0,False,,False,True,84.98
0 days 02:33:43.960000,ALB,23,0 days 00:01:24.860000,69.0,3.0,,,0 days 00:00:30.424000,0 days 00:00:30.321000,0 days 00:00:24.115000,0 days 02:32:49.538000,0 days 02:33:19.859000,0 days 02:33:43.974000,273.0,235.0,246.0,292.0,False,HARD,40.0,True,Williams,0 days 02:32:19.100000,2024-07-21 14:40:12.713,1,14.0,False,,False,True,84.86
0 days 00:56:39.039000,MAG,20,0 days 00:01:33.837000,1.0,1.0,,,,0 days 00:00:33.061000,0 days 00:00:24.191000,,0 days 00:56:14.973000,0 days 00:56:39.068000,231.0,227.0,246.0,277.0,False,SOFT,1.0,True,Haas F1 Team,0 days 00:55:04.938000,2024-07-21 13:02:58.551,1,10.0,False,,False,False,93.837
0 days 00:58:05.719000,MAG,20,0 days 00:01:26.680000,2.0,1.0,,,0 days 00:00:30.688000,0 days 00:00:31.665000,0 days 00:00:24.327000,0 days 00:57:09.751000,0 days 00:57:41.416000,0 days 00:58:05.743000,278.0,232.0,247.0,295.0,True,SOFT,2.0,True,Haas F1 Team,0 days 00:56:39.039000,2024-07-21 13:04:32.652,1,10.0,False,,False,True,86.68
0 days 00:59:32.319000,MAG,20,0 days 00:01:26.600000,3.0,1.0,,,0 days 00:00:30.297000,0 days 00:00:31.937000,0 days 00:00:24.366000,0 days 00:58:36.040000,0 days 00:59:07.977000,0 days 00:59:32.343000,269.0,226.0,247.0,306.0,True,SOFT,3.0,True,Haas F1 Team,0 days 00:58:05.719000,2024-07-21 13:05:59.332,1,10.0,False,,False,True,86.6
0 days 01:00:58.230000,MAG,20,0 days 00:01:25.911000,4.0,1.0,,,0 days 00:00:30.312000,0 days 00:00:31.467000,0 days 00:00:24.132000,0 days 01:00:02.655000,0 days 01:00:34.122000,0 days 01:00:58.254000,277.0,231.0,247.0,307.0,True,SOFT,4.0,True,Haas F1 Team,0 days 00:59:32.319000,2024-07-21 13:07:25.932,1,10.0,False,,False,True,85.911
0 days 01:02:24.379000,MAG,20,0 days 00:01:26.149000,5.0,1.0,,,0 days 00:00:29.997000,0 days 00:00:31.647000,0 days 00:00:24.505000,0 days 01:01:28.251000,0 days 01:01:59.898000,0 days 01:02:24.403000,279.0,227.0,249.0,306.0,False,SOFT,5.0,True,Haas F1 Team,0 days 01:00:58.230000,2024-07-21 13:08:51.843,1,10.0,False,,False,True,86.149
0 days 01:03:52.445000,MAG,20,0 days 00:01:28.066000,6.0,1.0,,0 days 01:03:50.698000,0 days 00:00:30.119000,0 days 00:00:31.404000,0 days 00:00:26.543000,0 days 01:02:54.522000,0 days 01:03:25.926000,0 days 01:03:52.469000,277.0,230.0,,308.0,False,SOFT,6.0,True,Haas F1 Team,0 days 01:02:24.379000,2024-07-21 13:10:17.992,1,13.0,False,,False,False,88.066
0 days 01:05:34.875000,MAG,20,0 days 00:01:42.430000,7.0,2.0,0 days 01:04:12.589000,,0 days 00:00:48.571000,0 days 00:00:30.533000,0 days 00:00:23.326000,0 days 01:04:41.040000,0 days 01:05:11.573000,0 days 01:05:34.899000,279.0,236.0,252.0,,False,HARD,1.0,True,Haas F1 Team,0 days 01:03:52.445000,2024-07-21 13:11:46.058,1,19.0,False,,False,False,102.43
0 days 01:06:59.451000,MAG,20,0 days 00:01:24.576000,8.0,2.0,,,0 days 00:00:29.687000,0 days 00:00:30.955000,0 days 00:00:23.934000,0 days 01:06:04.586000,0 days 01:06:35.541000,0 days 01:06:59.475000,,233.0,251.0,306.0,True,HARD,2.0,True,Haas F1 Team,0 days 01:05:34.875000,2024-07-21 13:13:28.488,1,17.0,False,,False,True,84.576
0 days 01:08:24.303000,MAG,20,0 days 00:01:24.852000,9.0,2.0,,,0 days 00:00:29.805000,0 days 00:00:30.812000,0 days 00:00:24.235000,0 days 01:07:29.280000,0 days 01:08:00.092000,0 days 01:08:24.327000,278.0,233.0,250.0,308.0,False,HARD,3.0,True,Haas F1 Team,0 days 01:06:59.451000,2024-07-21 13:14:53.064,1,16.0,False,,False,True,84.852
0 days 01:09:49.332000,MAG,20,0 days 00:01:25.029000,10.0,2.0,,,0 days 00:00:29.952000,0 days 00:00:30.931000,0 days 00:00:24.146000,0 days 01:08:54.279000,0 days 01:09:25.210000,0 days 01:09:49.356000,280.0,232.0,250.0,,False,HARD,4.0,True,Haas F1 Team,0 days 01:08:24.303000,2024-07-21 13:16:17.916,1,16.0,False,,False,True,85.029
0 days 01:11:14.168000,MAG,20,0 days 00:01:24.836000,11.0,2.0,,,0 days 00:00:29.979000,0 days 00:00:30.726000,0 days 00:00:24.131000,0 days 01:10:19.335000,0 days 01:10:50.061000,0 days 01:11:14.192000,,234.0,246.0,307.0,False,HARD,5.0,True,Haas F1 Team,0 days 01:09:49.332000,2024-07-21 13:17:42.945,1,16.0,False,,False,True,84.836
0 days 01:12:38.826000,MAG,20,0 days 00:01:24.658000,12.0,2.0,,,0 days 00:00:30.037000,0 days 00:00:30.524000,0 days 00:00:24.097000,0 days 01:11:44.229000,0 days 01:12:14.753000,0 days 01:12:38.850000,,233.0,248.0,295.0,False,HARD,6.0,True,Haas F1 Team,0 days 01:11:14.168000,2024-07-21 13:19:07.781,1,16.0,False,,False,True,84.658
0 days 01:14:04.365000,MAG,20,0 days 00:01:25.539000,13.0,2.0,,,0 days 00:00:30.198000,0 days 00:00:31.139000,0 days 00:00:24.202000,0 days 01:13:09.048000,0 days 01:13:40.187000,0 days 01:14:04.389000,278.0,228.0,249.0,306.0,False,HARD,7.0,True,Haas F1 Team,0 days 01:12:38.826000,2024-07-21 13:20:32.439,1,16.0,False,,False,True,85.539
0 days 01:15:29.652000,MAG,20,0 days 00:01:25.287000,14.0,2.0,,,0 days 00:00:30.174000,0 days 00:00:30.801000,0 days 00:00:24.312000,0 days 01:14:34.563000,0 days 01:15:05.364000,0 days 01:15:29.676000,276.0,232.0,245.0,,False,HARD,8.0,True,Haas F1 Team,0 days 01:14:04.365000,2024-07-21 13:21:57.978,1,16.0,False,,False,True,85.287
0 days 01:16:54.988000,MAG,20,0 days 00:01:25.336000,15.0,2.0,,,0 days 00:00:30.229000,0 days 00:00:30.969000,0 days 00:00:24.138000,0 days 01:15:59.905000,0 days 01:16:30.874000,0 days 01:16:55.012000,275.0,234.0,246.0,293.0,False,HARD,9.0,True,Haas F1 Team,0 days 01:15:29.652000,2024-07-21 13:23:23.265,1,15.0,False,,False,True,85.336
0 days 01:18:21.357000,MAG,20,0 days 00:01:26.369000,16.0,2.0,,,0 days 00:00:30.784000,0 days 00:00:31.169000,0 days 00:00:24.416000,0 days 01:17:25.796000,0 days 01:17:56.965000,0 days 01:18:21.381000,276.0,231.0,245.0,294.0,False,HARD,10.0,True,Haas F1 Team,0 days 01:16:54.988000,2024-07-21 13:24:48.601,1,16.0,False,,False,True,86.369
0 days 01:19:47.144000,MAG,20,0 days 00:01:25.787000,17.0,2.0,,,0 days 00:00:30.479000,0 days 00:00:30.903000,0 days 00:00:24.405000,0 days 01:18:51.860000,0 days 01:19:22.763000,0 days 01:19:47.168000,,234.0,245.0,291.0,False,HARD,11.0,True,Haas F1 Team,0 days 01:18:21.357000,2024-07-21 13:26:14.970,1,15.0,False,,False,True,85.787
0 days 01:21:12.696000,MAG,20,0 days 00:01:25.552000,18.0,2.0,,,0 days 00:00:30.400000,0 days 00:00:30.852000,0 days 00:00:24.300000,0 days 01:20:17.568000,0 days 01:20:48.420000,0 days 01:21:12.720000,282.0,235.0,249.0,292.0,False,HARD,12.0,True,Haas F1 Team,0 days 01:19:47.144000,2024-07-21 13:27:40.757,1,15.0,False,,False,True,85.552
0 days 01:22:38.373000,MAG,20,0 days 00:01:25.677000,19.0,2.0,,,0 days 00:00:30.353000,0 days 00:00:30.939000,0 days 00:00:24.385000,0 days 01:21:43.073000,0 days 01:22:14.012000,0 days 01:22:38.397000,283.0,229.0,250.0,305.0,False,HARD,13.0,True,Haas F1 Team,0 days 01:21:12.696000,2024-07-21 13:29:06.309,1,15.0,False,,False,True,85.677
0 days 01:24:03.897000,MAG,20,0 days 00:01:25.524000,20.0,2.0,,,0 days 00:00:30.222000,0 days 00:00:31.027000,0 days 00:00:24.275000,0 days 01:23:08.619000,0 days 01:23:39.646000,0 days 01:24:03.921000,281.0,230.0,246.0,306.0,False,HARD,14.0,True,Haas F1 Team,0 days 01:22:38.373000,2024-07-21 13:30:31.986,1,15.0,False,,False,True,85.524
0 days 01:25:29.514000,MAG,20,0 days 00:01:25.617000,21.0,2.0,,,0 days 00:00:30.427000,0 days 00:00:30.778000,0 days 00:00:24.412000,0 days 01:24:34.348000,0 days 01:25:05.126000,0 days 01:25:29.538000,279.0,233.0,244.0,294.0,False,HARD,15.0,True,Haas F1 Team,0 days 01:24:03.897000,2024-07-21 13:31:57.510,1,15.0,False,,False,True,85.617
0 days 01:26:54.861000,MAG,20,0 days 00:01:25.347000,22.0,2.0,,,0 days 00:00:30.484000,0 days 00:00:30.561000,0 days 00:00:24.302000,0 days 01:26:00.022000,0 days 01:26:30.583000,0 days 01:26:54.885000,282.0,235.0,246.0,,False,HARD,16.0,True,Haas F1 Team,0 days 01:25:29.514000,2024-07-21 13:33:23.127,1,15.0,False,,False,True,85.347
0 days 01:28:20.515000,MAG,20,0 days 00:01:25.654000,23.0,2.0,,,0 days 00:00:30.409000,0 days 00:00:30.787000,0 days 00:00:24.458000,0 days 01:27:25.294000,0 days 01:27:56.081000,0 days 01:28:20.539000,278.0,232.0,246.0,,False,HARD,17.0,True,Haas F1 Team,0 days 01:26:54.861000,2024-07-21 13:34:48.474,1,15.0,False,,False,True,85.654
0 days 01:29:46.055000,MAG,20,0 days 00:01:25.540000,24.0,2.0,,,0 days 00:00:30.294000,0 days 00:00:30.812000,0 days 00:00:24.434000,0 days 01:28:50.833000,0 days 01:29:21.645000,0 days 01:29:46.079000,279.0,232.0,245.0,,False,HARD,18.0,True,Haas F1 Team,0 days 01:28:20.515000,2024-07-21 13:36:14.128,1,15.0,False,,False,True,85.54
0 days 01:31:11.468000,MAG,20,0 days 00:01:25.413000,25.0,2.0,,,0 days 00:00:30.326000,0 days 00:00:30.622000,0 days 00:00:24.465000,0 days 01:30:16.405000,0 days 01:30:47.027000,0 days 01:31:11.492000,282.0,235.0,244.0,293.0,False,HARD,19.0,True,Haas F1 Team,0 days 01:29:46.055000,2024-07-21 13:37:39.668,1,15.0,False,,False,True,85.413
0 days 01:32:37.244000,MAG,20,0 days 00:01:25.776000,26.0,2.0,,,0 days 00:00:30.523000,0 days 00:00:30.770000,0 days 00:00:24.483000,0 days 01:31:42.015000,0 days 01:32:12.785000,0 days 01:32:37.268000,279.0,235.0,245.0,,False,HARD,20.0,True,Haas F1 Team,0 days 01:31:11.468000,2024-07-21 13:39:05.081,1,15.0,False,,False,True,85.776
0 days 01:34:02.965000,MAG,20,0 days 00:01:25.721000,27.0,2.0,,,0 days 00:00:30.578000,0 days 00:00:30.607000,0 days 00:00:24.536000,0 days 01:33:07.846000,0 days 01:33:38.453000,0 days 01:34:02.989000,278.0,235.0,245.0,,False,HARD,21.0,True,Haas F1 Team,0 days 01:32:37.244000,2024-07-21 13:40:30.857,1,15.0,False,,False,True,85.721
0 days 01:35:28.987000,MAG,20,0 days 00:01:26.022000,28.0,2.0,,,0 days 00:00:30.501000,0 days 00:00:30.911000,0 days 00:00:24.610000,0 days 01:34:33.490000,0 days 01:35:04.401000,0 days 01:35:29.011000,279.0,233.0,245.0,295.0,False,HARD,22.0,True,Haas F1 Team,0 days 01:34:02.965000,2024-07-21 13:41:56.578,1,15.0,False,,False,True,86.022
0 days 01:36:54.602000,MAG,20,0 days 00:01:25.615000,29.0,2.0,,,0 days 00:00:30.417000,0 days 00:00:30.768000,0 days 00:00:24.430000,0 days 01:35:59.428000,0 days 01:36:30.196000,0 days 01:36:54.626000,283.0,235.0,246.0,294.0,False,HARD,23.0,True,Haas F1 Team,0 days 01:35:28.987000,2024-07-21 13:43:22.600,1,12.0,False,,False,True,85.615
0 days 01:38:20.461000,MAG,20,0 days 00:01:25.859000,30.0,2.0,,,0 days 00:00:30.661000,0 days 00:00:30.777000,0 days 00:00:24.421000,0 days 01:37:25.287000,0 days 01:37:56.064000,0 days 01:38:20.485000,282.0,236.0,246.0,291.0,False,HARD,24.0,True,Haas F1 Team,0 days 01:36:54.602000,2024-07-21 13:44:48.215,1,11.0,False,,False,True,85.859
0 days 01:39:46.680000,MAG,20,0 days 00:01:26.219000,31.0,2.0,,,0 days 00:00:30.904000,0 days 00:00:30.922000,0 days 00:00:24.393000,0 days 01:38:51.389000,0 days 01:39:22.311000,0 days 01:39:46.704000,279.0,236.0,246.0,293.0,False,HARD,25.0,True,Haas F1 Team,0 days 01:38:20.461000,2024-07-21 13:46:14.074,1,12.0,False,,False,True,86.219
0 days 01:41:12.250000,MAG,20,0 days 00:01:25.570000,32.0,2.0,,,0 days 00:00:30.472000,0 days 00:00:30.714000,0 days 00:00:24.384000,0 days 01:40:17.176000,0 days 01:40:47.890000,0 days 01:41:12.274000,278.0,233.0,246.0,292.0,False,HARD,26.0,True,Haas F1 Team,0 days 01:39:46.680000,2024-07-21 13:47:40.293,1,12.0,False,,False,True,85.57
0 days 01:42:37.669000,MAG,20,0 days 00:01:25.419000,33.0,2.0,,,0 days 00:00:30.454000,0 days 00:00:30.669000,0 days 00:00:24.296000,0 days 01:41:42.728000,0 days 01:42:13.397000,0 days 01:42:37.693000,281.0,236.0,246.0,291.0,False,HARD,27.0,True,Haas F1 Team,0 days 01:41:12.250000,2024-07-21 13:49:05.863,1,12.0,False,,False,True,85.419
0 days 01:44:05.774000,MAG,20,0 days 00:01:28.105000,34.0,2.0,,0 days 01:44:04.207000,0 days 00:00:30.616000,0 days 00:00:30.924000,0 days 00:00:26.565000,0 days 01:43:08.309000,0 days 01:43:39.233000,0 days 01:44:05.798000,282.0,235.0,,,False,HARD,28.0,True,Haas F1 Team,0 days 01:42:37.669000,2024-07-21 13:50:31.282,1,13.0,False,,False,False,88.105
0 days 01:45:49.178000,MAG,20,0 days 00:01:43.404000,35.0,3.0,0 days 01:44:26.692000,,0 days 00:00:49.044000,0 days 00:00:30.494000,0 days 00:00:23.866000,0 days 01:44:54.842000,0 days 01:45:25.336000,0 days 01:45:49.202000,280.0,236.0,249.0,,False,HARD,1.0,True,Haas F1 Team,0 days 01:44:05.774000,2024-07-21 13:51:59.387,1,17.0,False,,False,False,103.404
0 days 01:47:13.215000,MAG,20,0 days 00:01:24.037000,36.0,3.0,,,0 days 00:00:30.031000,0 days 00:00:30.152000,0 days 00:00:23.854000,0 days 01:46:19.233000,0 days 01:46:49.385000,0 days 01:47:13.239000,279.0,238.0,250.0,294.0,True,HARD,2.0,True,Haas F1 Team,0 days 01:45:49.178000,2024-07-21 13:53:42.791,1,17.0,False,,False,True,84.037
0 days 01:48:37.331000,MAG,20,0 days 00:01:24.116000,37.0,3.0,,,0 days 00:00:30.067000,0 days 00:00:30.222000,0 days 00:00:23.827000,0 days 01:47:43.306000,0 days 01:48:13.528000,0 days 01:48:37.355000,281.0,240.0,248.0,296.0,False,HARD,3.0,True,Haas F1 Team,0 days 01:47:13.215000,2024-07-21 13:55:06.828,1,16.0,False,,False,True,84.116
0 days 01:50:01.517000,MAG,20,0 days 00:01:24.186000,38.0,3.0,,,0 days 00:00:30.121000,0 days 00:00:30.213000,0 days 00:00:23.852000,0 days 01:49:07.476000,0 days 01:49:37.689000,0 days 01:50:01.541000,280.0,239.0,250.0,295.0,False,HARD,4.0,True,Haas F1 Team,0 days 01:48:37.331000,2024-07-21 13:56:30.944,1,16.0,False,,False,True,84.186
0 days 01:51:25.696000,MAG,20,0 days 00:01:24.179000,39.0,3.0,,,0 days 00:00:30.147000,0 days 00:00:30.229000,0 days 00:00:23.803000,0 days 01:50:31.688000,0 days 01:51:01.917000,0 days 01:51:25.720000,,240.0,250.0,296.0,False,HARD,5.0,True,Haas F1 Team,0 days 01:50:01.517000,2024-07-21 13:57:55.130,1,16.0,False,,False,True,84.179
0 days 01:52:49.827000,MAG,20,0 days 00:01:24.131000,40.0,3.0,,,0 days 00:00:30.122000,0 days 00:00:30.143000,0 days 00:00:23.866000,0 days 01:51:55.842000,0 days 01:52:25.985000,0 days 01:52:49.851000,281.0,240.0,249.0,295.0,False,HARD,6.0,True,Haas F1 Team,0 days 01:51:25.696000,2024-07-21 13:59:19.309,1,16.0,False,,False,True,84.131
0 days 01:54:13.956000,MAG,20,0 days 00:01:24.129000,41.0,3.0,,,0 days 00:00:30.112000,0 days 00:00:30.192000,0 days 00:00:23.825000,0 days 01:53:19.963000,0 days 01:53:50.155000,0 days 01:54:13.980000,283.0,241.0,249.0,296.0,False,HARD,7.0,True,Haas F1 Team,0 days 01:52:49.827000,2024-07-21 14:00:43.440,1,16.0,False,,False,True,84.129
0 days 01:55:37.886000,MAG,20,0 days 00:01:23.930000,42.0,3.0,,,0 days 00:00:30.016000,0 days 00:00:30.042000,0 days 00:00:23.872000,0 days 01:54:43.996000,0 days 01:55:14.038000,0 days 01:55:37.910000,282.0,240.0,249.0,295.0,True,HARD,8.0,True,Haas F1 Team,0 days 01:54:13.956000,2024-07-21 14:02:07.569,1,16.0,False,,False,True,83.93
0 days 01:57:02.447000,MAG,20,0 days 00:01:24.561000,43.0,3.0,,,0 days 00:00:30.098000,0 days 00:00:30.340000,0 days 00:00:24.123000,0 days 01:56:08.008000,0 days 01:56:38.348000,0 days 01:57:02.471000,284.0,241.0,245.0,,False,HARD,9.0,True,Haas F1 Team,0 days 01:55:37.886000,2024-07-21 14:03:31.499,1,16.0,False,,False,True,84.561
0 days 01:58:26.867000,MAG,20,0 days 00:01:24.420000,44.0,3.0,,,0 days 00:00:30.242000,0 days 00:00:30.302000,0 days 00:00:23.876000,0 days 01:57:32.713000,0 days 01:58:03.015000,0 days 01:58:26.891000,283.0,241.0,249.0,,False,HARD,10.0,True,Haas F1 Team,0 days 01:57:02.447000,2024-07-21 14:04:56.060,1,16.0,False,,False,True,84.42
0 days 01:59:50.880000,MAG,20,0 days 00:01:24.013000,45.0,3.0,,,0 days 00:00:30.024000,0 days 00:00:30.061000,0 days 00:00:23.928000,0 days 01:58:56.915000,0 days 01:59:26.976000,0 days 01:59:50.904000,281.0,242.0,249.0,,False,HARD,11.0,True,Haas F1 Team,0 days 01:58:26.867000,2024-07-21 14:06:20.480,1,16.0,False,,False,True,84.013
0 days 02:01:14.871000,MAG,20,0 days 00:01:23.991000,46.0,3.0,,,0 days 00:00:30.135000,0 days 00:00:29.991000,0 days 00:00:23.865000,0 days 02:00:21.039000,0 days 02:00:51.030000,0 days 02:01:14.895000,,241.0,249.0,294.0,False,HARD,12.0,True,Haas F1 Team,0 days 01:59:50.880000,2024-07-21 14:07:44.493,1,15.0,False,,False,True,83.991
0 days 02:02:38.715000,MAG,20,0 days 00:01:23.844000,47.0,3.0,,,0 days 00:00:30.119000,0 days 00:00:29.804000,0 days 00:00:23.921000,0 days 02:01:45.014000,0 days 02:02:14.818000,0 days 02:02:38.739000,,242.0,248.0,,True,HARD,13.0,True,Haas F1 Team,0 days 02:01:14.871000,2024-07-21 14:09:08.484,1,15.0,False,,False,True,83.844
0 days 02:04:02.506000,MAG,20,0 days 00:01:23.791000,48.0,3.0,,,0 days 00:00:30.078000,0 days 00:00:29.806000,0 days 00:00:23.907000,0 days 02:03:08.817000,0 days 02:03:38.623000,0 days 02:04:02.530000,279.0,242.0,250.0,293.0,True,HARD,14.0,True,Haas F1 Team,0 days 02:02:38.715000,2024-07-21 14:10:32.328,1,15.0,False,,False,True,83.791
0 days 02:05:26.147000,MAG,20,0 days 00:01:23.641000,49.0,3.0,,,0 days 00:00:30.019000,0 days 00:00:29.692000,0 days 00:00:23.930000,0 days 02:04:32.549000,0 days 02:05:02.241000,0 days 02:05:26.171000,283.0,244.0,248.0,,True,HARD,15.0,True,Haas F1 Team,0 days 02:04:02.506000,2024-07-21 14:11:56.119,1,15.0,False,,False,True,83.641
0 days 02:06:49.700000,MAG,20,0 days 00:01:23.553000,50.0,3.0,,,0 days 00:00:30.044000,0 days 00:00:29.640000,0 days 00:00:23.869000,0 days 02:05:56.215000,0 days 02:06:25.855000,0 days 02:06:49.724000,282.0,243.0,249.0,294.0,True,HARD,16.0,True,Haas F1 Team,0 days 02:05:26.147000,2024-07-21 14:13:19.760,1,15.0,False,,False,True,83.553
0 days 02:08:13.429000,MAG,20,0 days 00:01:23.729000,51.0,3.0,,,0 days 00:00:30.071000,0 days 00:00:29.758000,0 days 00:00:23.900000,0 days 02:07:19.795000,0 days 02:07:49.553000,0 days 02:08:13.453000,,244.0,248.0,295.0,False,HARD,17.0,True,Haas F1 Team,0 days 02:06:49.700000,2024-07-21 14:14:43.313,1,15.0,False,,False,True,83.729
0 days 02:09:37.182000,MAG,20,0 days 00:01:23.753000,52.0,3.0,,,0 days 00:00:29.942000,0 days 00:00:29.822000,0 days 00:00:23.989000,0 days 02:08:43.395000,0 days 02:09:13.217000,0 days 02:09:37.206000,283.0,242.0,249.0,296.0,False,HARD,18.0,True,Haas F1 Team,0 days 02:08:13.429000,2024-07-21 14:16:07.042,1,15.0,False,,False,True,83.753
0 days 02:11:01.072000,MAG,20,0 days 00:01:23.890000,53.0,3.0,,,0 days 00:00:30.076000,0 days 00:00:29.769000,0 days 00:00:24.045000,0 days 02:10:07.282000,0 days 02:10:37.051000,0 days 02:11:01.096000,284.0,242.0,249.0,,False,HARD,19.0,True,Haas F1 Team,0 days 02:09:37.182000,2024-07-21 14:17:30.795,1,15.0,False,,False,True,83.89
0 days 02:12:25.101000,MAG,20,0 days 00:01:24.029000,54.0,3.0,,,0 days 00:00:30.121000,0 days 00:00:29.801000,0 days 00:00:24.107000,0 days 02:11:31.217000,0 days 02:12:01.018000,0 days 02:12:25.125000,,242.0,247.0,,False,HARD,20.0,True,Haas F1 Team,0 days 02:11:01.072000,2024-07-21 14:18:54.685,1,15.0,False,,False,True,84.029
0 days 02:13:50.677000,MAG,20,0 days 00:01:25.576000,55.0,3.0,,,0 days 00:00:31.171000,0 days 00:00:30.107000,0 days 00:00:24.298000,0 days 02:12:56.296000,0 days 02:13:26.403000,0 days 02:13:50.701000,286.0,240.0,249.0,256.0,False,HARD,21.0,True,Haas F1 Team,0 days 02:12:25.101000,2024-07-21 14:20:18.714,1,15.0,False,,False,True,85.576
0 days 02:15:16.514000,MAG,20,0 days 00:01:25.837000,56.0,3.0,,,0 days 00:00:31.653000,0 days 00:00:30.107000,0 days 00:00:24.077000,0 days 02:14:22.354000,0 days 02:14:52.461000,0 days 02:15:16.538000,285.0,242.0,249.0,277.0,False,HARD,22.0,True,Haas F1 Team,0 days 02:13:50.677000,2024-07-21 14:21:44.290,1,15.0,False,,False,True,85.837
0 days 02:16:40.824000,MAG,20,0 days 00:01:24.310000,57.0,3.0,,,0 days 00:00:30.111000,0 days 00:00:30.105000,0 days 00:00:24.094000,0 days 02:15:46.649000,0 days 02:16:16.754000,0 days 02:16:40.848000,284.0,241.0,249.0,296.0,False,HARD,23.0,True,Haas F1 Team,0 days 02:15:16.514000,2024-07-21 14:23:10.127,1,15.0,False,,False,True,84.31
0 days 02:18:05.180000,MAG,20,0 days 00:01:24.356000,58.0,3.0,,,0 days 00:00:30.121000,0 days 00:00:30.088000,0 days 00:00:24.147000,0 days 02:17:10.969000,0 days 02:17:41.057000,0 days 02:18:05.204000,,238.0,247.0,295.0,False,HARD,24.0,True,Haas F1 Team,0 days 02:16:40.824000,2024-07-21 14:24:34.437,1,15.0,False,,False,True,84.356
0 days 02:19:29.826000,MAG,20,0 days 00:01:24.646000,59.0,3.0,,,0 days 00:00:30.267000,0 days 00:00:30.126000,0 days 00:00:24.253000,0 days 02:18:35.471000,0 days 02:19:05.597000,0 days 02:19:29.850000,285.0,242.0,247.0,294.0,False,HARD,25.0,True,Haas F1 Team,0 days 02:18:05.180000,2024-07-21 14:25:58.793,1,15.0,False,,False,True,84.646
0 days 02:20:56.901000,MAG,20,0 days 00:01:27.075000,60.0,3.0,,,0 days 00:00:31.821000,0 days 00:00:31.081000,0 days 00:00:24.173000,0 days 02:20:01.671000,0 days 02:20:32.752000,0 days 02:20:56.925000,249.0,238.0,250.0,293.0,False,HARD,26.0,True,Haas F1 Team,0 days 02:19:29.826000,2024-07-21 14:27:23.439,1,15.0,False,,False,True,87.075
0 days 02:22:23.133000,MAG,20,0 days 00:01:26.232000,61.0,3.0,,,0 days 00:00:30.207000,0 days 00:00:30.450000,0 days 00:00:25.575000,0 days 02:21:27.132000,0 days 02:21:57.582000,0 days 02:22:23.157000,286.0,232.0,251.0,296.0,False,HARD,27.0,True,Haas F1 Team,0 days 02:20:56.901000,2024-07-21 14:28:50.514,1,15.0,False,,False,True,86.232
0 days 02:23:49.925000,MAG,20,0 days 00:01:26.792000,62.0,3.0,,,0 days 00:00:31.606000,0 days 00:00:30.887000,0 days 00:00:24.299000,0 days 02:22:54.763000,0 days 02:23:25.650000,0 days 02:23:49.949000,285.0,241.0,250.0,309.0,False,HARD,28.0,True,Haas F1 Team,0 days 02:22:23.133000,2024-07-21 14:30:16.746,12,15.0,False,,False,True,86.792
0 days 02:25:16.134000,MAG,20,0 days 00:01:26.209000,63.0,3.0,,,0 days 00:00:30.619000,0 days 00:00:30.576000,0 days 00:00:25.014000,0 days 02:24:20.568000,0 days 02:24:51.144000,0 days 02:25:16.158000,284.0,240.0,247.0,295.0,False,HARD,29.0,True,Haas F1 Team,0 days 02:23:49.925000,2024-07-21 14:31:43.538,1,15.0,False,,False,True,86.209
0 days 02:26:41.710000,MAG,20,0 days 00:01:25.576000,64.0,3.0,,,0 days 00:00:30.629000,0 days 00:00:30.682000,0 days 00:00:24.265000,0 days 02:25:46.787000,0 days 02:26:17.469000,0 days 02:26:41.734000,,236.0,248.0,294.0,False,HARD,30.0,True,Haas F1 Team,0 days 02:25:16.134000,2024-07-21 14:33:09.747,1,15.0,False,,False,True,85.576
0 days 02:28:06.890000,MAG,20,0 days 00:01:25.180000,65.0,3.0,,,0 days 00:00:30.354000,0 days 00:00:30.608000,0 days 00:00:24.218000,0 days 02:27:12.088000,0 days 02:27:42.696000,0 days 02:28:06.914000,,239.0,248.0,,False,HARD,31.0,True,Haas F1 Team,0 days 02:26:41.710000,2024-07-21 14:34:35.323,1,15.0,False,,False,True,85.18
0 days 02:29:31.800000,MAG,20,0 days 00:01:24.910000,66.0,3.0,,,0 days 00:00:30.306000,0 days 00:00:30.344000,0 days 00:00:24.260000,0 days 02:28:37.220000,0 days 02:29:07.564000,0 days 02:29:31.824000,,242.0,248.0,296.0,False,HARD,32.0,True,Haas F1 Team,0 days 02:28:06.890000,2024-07-21 14:36:00.503,1,15.0,False,,False,True,84.91
0 days 02:30:56.764000,MAG,20,0 days 00:01:24.964000,67.0,3.0,,,0 days 00:00:30.413000,0 days 00:00:30.224000,0 days 00:00:24.327000,0 days 02:30:02.237000,0 days 02:30:32.461000,0 days 02:30:56.788000,,241.0,248.0,,False,HARD,33.0,True,Haas F1 Team,0 days 02:29:31.800000,2024-07-21 14:37:25.413,1,15.0,False,,False,True,84.964
0 days 02:32:22.069000,MAG,20,0 days 00:01:25.305000,68.0,3.0,,,0 days 00:00:30.488000,0 days 00:00:30.298000,0 days 00:00:24.519000,0 days 02:31:27.276000,0 days 02:31:57.574000,0 days 02:32:22.093000,285.0,242.0,249.0,,False,HARD,34.0,True,Haas F1 Team,0 days 02:30:56.764000,2024-07-21 14:38:50.377,1,15.0,False,,False,True,85.305
0 days 02:33:52.493000,MAG,20,0 days 00:01:30.424000,69.0,3.0,,,0 days 00:00:30.332000,0 days 00:00:34.499000,0 days 00:00:25.593000,0 days 02:32:52.425000,0 days 02:33:26.924000,0 days 02:33:52.517000,286.0,226.0,248.0,297.0,False,HARD,35.0,True,Haas F1 Team,0 days 02:32:22.069000,2024-07-21 14:40:15.682,1,15.0,False,,False,True,90.424
0 days 00:56:40.632000,BOT,77,0 days 00:01:35.430000,1.0,1.0,,,,0 days 00:00:33.946000,0 days 00:00:24.393000,,0 days 00:56:16.359000,0 days 00:56:40.767000,256.0,229.0,245.0,264.0,False,MEDIUM,2.0,False,Kick Sauber,0 days 00:55:04.938000,2024-07-21 13:02:58.551,1,13.0,False,,False,False,95.43
0 days 00:58:07.210000,BOT,77,0 days 00:01:26.578000,2.0,1.0,,,0 days 00:00:30.621000,0 days 00:00:31.707000,0 days 00:00:24.250000,0 days 00:57:11.253000,0 days 00:57:42.960000,0 days 00:58:07.210000,277.0,230.0,248.0,292.0,True,MEDIUM,3.0,False,Kick Sauber,0 days 00:56:40.632000,2024-07-21 13:04:34.245,1,13.0,False,,False,True,86.578
0 days 00:59:33.796000,BOT,77,0 days 00:01:26.586000,3.0,1.0,,,0 days 00:00:30.302000,0 days 00:00:31.914000,0 days 00:00:24.370000,0 days 00:58:37.512000,0 days 00:59:09.426000,0 days 00:59:33.796000,,231.0,250.0,306.0,False,MEDIUM,4.0,False,Kick Sauber,0 days 00:58:07.210000,2024-07-21 13:06:00.823,1,13.0,False,,False,True,86.586
0 days 01:01:00.139000,BOT,77,0 days 00:01:26.343000,4.0,1.0,,,0 days 00:00:30.428000,0 days 00:00:31.748000,0 days 00:00:24.167000,0 days 01:00:04.224000,0 days 01:00:35.972000,0 days 01:01:00.139000,269.0,230.0,252.0,309.0,True,MEDIUM,5.0,False,Kick Sauber,0 days 00:59:33.796000,2024-07-21 13:07:27.409,1,13.0,False,,False,True,86.343
0 days 01:02:26.346000,BOT,77,0 days 00:01:26.207000,5.0,1.0,,,0 days 00:00:30.204000,0 days 00:00:31.660000,0 days 00:00:24.343000,0 days 01:01:30.343000,0 days 01:02:02.003000,0 days 01:02:26.346000,271.0,229.0,249.0,307.0,True,MEDIUM,6.0,False,Kick Sauber,0 days 01:01:00.139000,2024-07-21 13:08:53.752,1,13.0,False,,False,True,86.207
0 days 01:03:52.366000,BOT,77,0 days 00:01:26.020000,6.0,1.0,,,0 days 00:00:30.090000,0 days 00:00:31.606000,0 days 00:00:24.324000,0 days 01:02:56.436000,0 days 01:03:28.042000,0 days 01:03:52.366000,276.0,230.0,249.0,305.0,True,MEDIUM,7.0,False,Kick Sauber,0 days 01:02:26.346000,2024-07-21 13:10:19.959,1,12.0,False,,False,True,86.02
0 days 01:05:17.334000,BOT,77,0 days 00:01:24.968000,7.0,1.0,,,0 days 00:00:30.021000,0 days 00:00:30.888000,0 days 00:00:24.059000,0 days 01:04:22.387000,0 days 01:04:53.275000,0 days 01:05:17.334000,277.0,234.0,243.0,,True,MEDIUM,8.0,False,Kick Sauber,0 days 01:03:52.366000,2024-07-21 13:11:45.979,1,11.0,False,,False,True,84.968
0 days 01:06:42.522000,BOT,77,0 days 00:01:25.188000,8.0,1.0,,,0 days 00:00:30.475000,0 days 00:00:30.791000,0 days 00:00:23.922000,0 days 01:05:47.809000,0 days 01:06:18.600000,0 days 01:06:42.522000,274.0,234.0,244.0,289.0,False,MEDIUM,9.0,False,Kick Sauber,0 days 01:05:17.334000,2024-07-21 13:13:10.947,1,9.0,False,,False,True,85.188
0 days 01:08:07.398000,BOT,77,0 days 00:01:24.876000,9.0,1.0,,,0 days 00:00:30.360000,0 days 00:00:30.623000,0 days 00:00:23.893000,0 days 01:07:12.882000,0 days 01:07:43.505000,0 days 01:08:07.398000,,234.0,244.0,,True,MEDIUM,10.0,False,Kick Sauber,0 days 01:06:42.522000,2024-07-21 13:14:36.135,1,9.0,False,,False,True,84.876
0 days 01:09:32.408000,BOT,77,0 days 00:01:25.010000,10.0,1.0,,,0 days 00:00:30.494000,0 days 00:00:30.542000,0 days 00:00:23.974000,0 days 01:08:37.892000,0 days 01:09:08.434000,0 days 01:09:32.408000,,236.0,244.0,288.0,False,MEDIUM,11.0,False,Kick Sauber,0 days 01:08:07.398000,2024-07-21 13:16:01.011,1,9.0,False,,False,True,85.01
0 days 01:10:57.558000,BOT,77,0 days 00:01:25.150000,11.0,1.0,,,0 days 00:00:30.467000,0 days 00:00:30.644000,0 days 00:00:24.039000,0 days 01:10:02.875000,0 days 01:10:33.519000,0 days 01:10:57.558000,,236.0,244.0,,False,MEDIUM,12.0,False,Kick Sauber,0 days 01:09:32.408000,2024-07-21 13:17:26.021,1,9.0,False,,False,True,85.15
0 days 01:12:22.527000,BOT,77,0 days 00:01:24.969000,12.0,1.0,,,0 days 00:00:30.359000,0 days 00:00:30.524000,0 days 00:00:24.086000,0 days 01:11:27.917000,0 days 01:11:58.441000,0 days 01:12:22.527000,278.0,238.0,242.0,,False,MEDIUM,13.0,False,Kick Sauber,0 days 01:10:57.558000,2024-07-21 13:18:51.171,1,9.0,False,,False,True,84.969
0 days 01:13:47.804000,BOT,77,0 days 00:01:25.277000,13.0,1.0,,,0 days 00:00:30.417000,0 days 00:00:30.697000,0 days 00:00:24.163000,0 days 01:12:52.944000,0 days 01:13:23.641000,0 days 01:13:47.804000,277.0,238.0,243.0,287.0,False,MEDIUM,14.0,False,Kick Sauber,0 days 01:12:22.527000,2024-07-21 13:20:16.140,1,9.0,False,,False,True,85.277
0 days 01:15:13.429000,BOT,77,0 days 00:01:25.625000,14.0,1.0,,,0 days 00:00:30.575000,0 days 00:00:30.857000,0 days 00:00:24.193000,0 days 01:14:18.379000,0 days 01:14:49.236000,0 days 01:15:13.429000,275.0,236.0,243.0,,False,MEDIUM,15.0,False,Kick Sauber,0 days 01:13:47.804000,2024-07-21 13:21:41.417,1,9.0,False,,False,True,85.625
0 days 01:16:38.590000,BOT,77,0 days 00:01:25.161000,15.0,1.0,,,0 days 00:00:30.312000,0 days 00:00:30.666000,0 days 00:00:24.183000,0 days 01:15:43.741000,0 days 01:16:14.407000,0 days 01:16:38.590000,277.0,237.0,244.0,288.0,False,MEDIUM,16.0,False,Kick Sauber,0 days 01:15:13.429000,2024-07-21 13:23:07.042,1,8.0,False,,False,True,85.161
0 days 01:18:06.600000,BOT,77,0 days 00:01:28.010000,16.0,1.0,,0 days 01:18:04.867000,0 days 00:00:30.506000,0 days 00:00:30.831000,0 days 00:00:26.673000,0 days 01:17:09.096000,0 days 01:17:39.927000,0 days 01:18:06.600000,275.0,235.0,,287.0,False,MEDIUM,17.0,False,Kick Sauber,0 days 01:16:38.590000,2024-07-21 13:24:32.203,1,10.0,False,,False,False,88.01
0 days 01:19:49.501000,BOT,77,0 days 00:01:42.901000,17.0,2.0,0 days 01:18:27.003000,,0 days 00:00:48.646000,0 days 00:00:30.555000,0 days 00:00:23.700000,0 days 01:18:55.246000,0 days 01:19:25.801000,0 days 01:19:49.501000,275.0,239.0,251.0,,False,HARD,1.0,True,Kick Sauber,0 days 01:18:06.600000,2024-07-21 13:26:00.213,1,18.0,False,,False,False,102.901
0 days 01:21:15.477000,BOT,77,0 days 00:01:25.976000,18.0,2.0,,,0 days 00:00:30.410000,0 days 00:00:31.477000,0 days 00:00:24.089000,0 days 01:20:19.911000,0 days 01:20:51.388000,0 days 01:21:15.477000,278.0,234.0,249.0,306.0,False,HARD,2.0,True,Kick Sauber,0 days 01:19:49.501000,2024-07-21 13:27:43.114,1,18.0,False,,False,True,85.976
0 days 01:22:40.296000,BOT,77,0 days 00:01:24.819000,19.0,2.0,,,0 days 00:00:30.188000,0 days 00:00:30.720000,0 days 00:00:23.911000,0 days 01:21:45.665000,0 days 01:22:16.385000,0 days 01:22:40.296000,276.0,236.0,246.0,307.0,True,HARD,3.0,True,Kick Sauber,0 days 01:21:15.477000,2024-07-21 13:29:09.090,1,17.0,False,,False,True,84.819
0 days 01:24:05.212000,BOT,77,0 days 00:01:24.916000,20.0,2.0,,,0 days 00:00:30.047000,0 days 00:00:30.719000,0 days 00:00:24.150000,0 days 01:23:10.343000,0 days 01:23:41.062000,0 days 01:24:05.212000,278.0,236.0,250.0,290.0,False,HARD,4.0,True,Kick Sauber,0 days 01:22:40.296000,2024-07-21 13:30:33.909,1,17.0,False,,False,True,84.916
0 days 01:25:30.669000,BOT,77,0 days 00:01:25.457000,21.0,2.0,,,0 days 00:00:30.194000,0 days 00:00:31.126000,0 days 00:00:24.137000,0 days 01:24:35.406000,0 days 01:25:06.532000,0 days 01:25:30.669000,,237.0,249.0,306.0,False,HARD,5.0,True,Kick Sauber,0 days 01:24:05.212000,2024-07-21 13:31:58.825,1,17.0,False,,False,True,85.457
0 days 01:26:56.256000,BOT,77,0 days 00:01:25.587000,22.0,2.0,,,0 days 00:00:30.438000,0 days 00:00:31.058000,0 days 00:00:24.091000,0 days 01:26:01.107000,0 days 01:26:32.165000,0 days 01:26:56.256000,279.0,237.0,249.0,307.0,False,HARD,6.0,True,Kick Sauber,0 days 01:25:30.669000,2024-07-21 13:33:24.282,1,17.0,False,,False,True,85.587
0 days 01:28:21.665000,BOT,77,0 days 00:01:25.409000,23.0,2.0,,,0 days 00:00:30.293000,0 days 00:00:31.092000,0 days 00:00:24.024000,0 days 01:27:26.549000,0 days 01:27:57.641000,0 days 01:28:21.665000,276.0,236.0,251.0,306.0,False,HARD,7.0,True,Kick Sauber,0 days 01:26:56.256000,2024-07-21 13:34:49.869,1,17.0,False,,False,True,85.409
0 days 01:29:47.320000,BOT,77,0 days 00:01:25.655000,24.0,2.0,,,0 days 00:00:30.303000,0 days 00:00:31.136000,0 days 00:00:24.216000,0 days 01:28:51.968000,0 days 01:29:23.104000,0 days 01:29:47.320000,,234.0,250.0,309.0,False,HARD,8.0,True,Kick Sauber,0 days 01:28:21.665000,2024-07-21 13:36:15.278,1,17.0,False,,False,True,85.655
0 days 01:31:12.889000,BOT,77,0 days 00:01:25.569000,25.0,2.0,,,0 days 00:00:30.359000,0 days 00:00:31.012000,0 days 00:00:24.198000,0 days 01:30:17.679000,0 days 01:30:48.691000,0 days 01:31:12.889000,,237.0,249.0,308.0,False,HARD,9.0,True,Kick Sauber,0 days 01:29:47.320000,2024-07-21 13:37:40.933,1,17.0,False,,False,True,85.569
0 days 01:32:38.528000,BOT,77,0 days 00:01:25.639000,26.0,2.0,,,0 days 00:00:30.496000,0 days 00:00:30.813000,0 days 00:00:24.330000,0 days 01:31:43.385000,0 days 01:32:14.198000,0 days 01:32:38.528000,,237.0,249.0,306.0,False,HARD,10.0,True,Kick Sauber,0 days 01:31:12.889000,2024-07-21 13:39:06.502,1,17.0,False,,False,True,85.639
0 days 01:34:04.303000,BOT,77,0 days 00:01:25.775000,27.0,2.0,,,0 days 00:00:30.377000,0 days 00:00:31.084000,0 days 00:00:24.314000,0 days 01:33:08.905000,0 days 01:33:39.989000,0 days 01:34:04.303000,277.0,237.0,250.0,305.0,False,HARD,11.0,True,Kick Sauber,0 days 01:32:38.528000,2024-07-21 13:40:32.141,1,17.0,False,,False,True,85.775
0 days 01:35:30.023000,BOT,77,0 days 00:01:25.720000,28.0,2.0,,,0 days 00:00:30.487000,0 days 00:00:30.910000,0 days 00:00:24.323000,0 days 01:34:34.790000,0 days 01:35:05.700000,0 days 01:35:30.023000,275.0,237.0,250.0,307.0,False,HARD,12.0,True,Kick Sauber,0 days 01:34:04.303000,2024-07-21 13:41:57.916,1,16.0,False,,False,True,85.72
0 days 01:36:55.119000,BOT,77,0 days 00:01:25.096000,29.0,2.0,,,0 days 00:00:30.133000,0 days 00:00:30.644000,0 days 00:00:24.319000,0 days 01:36:00.156000,0 days 01:36:30.800000,0 days 01:36:55.119000,279.0,239.0,249.0,306.0,False,HARD,13.0,True,Kick Sauber,0 days 01:35:30.023000,2024-07-21 13:43:23.636,1,13.0,False,,False,True,85.096
0 days 01:38:21.670000,BOT,77,0 days 00:01:26.551000,30.0,2.0,,,0 days 00:00:31.084000,0 days 00:00:31.194000,0 days 00:00:24.273000,0 days 01:37:26.203000,0 days 01:37:57.397000,0 days 01:38:21.670000,275.0,236.0,246.0,305.0,False,HARD,14.0,True,Kick Sauber,0 days 01:36:55.119000,2024-07-21 13:44:48.732,1,13.0,False,,False,True,86.551
0 days 01:39:47.263000,BOT,77,0 days 00:01:25.593000,31.0,2.0,,,0 days 00:00:30.584000,0 days 00:00:30.834000,0 days 00:00:24.175000,0 days 01:38:52.254000,0 days 01:39:23.088000,0 days 01:39:47.263000,,235.0,249.0,292.0,False,HARD,15.0,True,Kick Sauber,0 days 01:38:21.670000,2024-07-21 13:46:15.283,1,13.0,False,,False,True,85.593
0 days 01:41:12.701000,BOT,77,0 days 00:01:25.438000,32.0,2.0,,,0 days 00:00:30.213000,0 days 00:00:30.917000,0 days 00:00:24.308000,0 days 01:40:17.476000,0 days 01:40:48.393000,0 days 01:41:12.701000,285.0,238.0,247.0,305.0,False,HARD,16.0,True,Kick Sauber,0 days 01:39:47.263000,2024-07-21 13:47:40.876,1,13.0,False,,False,True,85.438
0 days 01:42:38.247000,BOT,77,0 days 00:01:25.546000,33.0,2.0,,,0 days 00:00:30.433000,0 days 00:00:30.954000,0 days 00:00:24.159000,0 days 01:41:43.134000,0 days 01:42:14.088000,0 days 01:42:38.247000,280.0,236.0,249.0,306.0,False,HARD,17.0,True,Kick Sauber,0 days 01:41:12.701000,2024-07-21 13:49:06.314,1,13.0,False,,False,True,85.546
0 days 01:44:03.857000,BOT,77,0 days 00:01:25.610000,34.0,2.0,,,0 days 00:00:30.490000,0 days 00:00:30.985000,0 days 00:00:24.135000,0 days 01:43:08.737000,0 days 01:43:39.722000,0 days 01:44:03.857000,277.0,235.0,249.0,301.0,False,HARD,18.0,True,Kick Sauber,0 days 01:42:38.247000,2024-07-21 13:50:31.860,1,12.0,False,,False,True,85.61
0 days 01:45:27.744000,BOT,77,0 days 00:01:23.887000,35.0,2.0,,,0 days 00:00:29.838000,0 days 00:00:30.196000,0 days 00:00:23.853000,0 days 01:44:33.695000,0 days 01:45:03.891000,0 days 01:45:27.744000,279.0,240.0,245.0,302.0,True,HARD,19.0,True,Kick Sauber,0 days 01:44:03.857000,2024-07-21 13:51:57.470,1,12.0,False,,False,True,83.887
0 days 01:46:52.421000,BOT,77,0 days 00:01:24.677000,36.0,2.0,,,0 days 00:00:30.352000,0 days 00:00:30.381000,0 days 00:00:23.944000,0 days 01:45:58.096000,0 days 01:46:28.477000,0 days 01:46:52.421000,275.0,239.0,245.0,288.0,False,HARD,20.0,True,Kick Sauber,0 days 01:45:27.744000,2024-07-21 13:53:21.357,1,12.0,False,,False,True,84.677
0 days 01:48:17.246000,BOT,77,0 days 00:01:24.825000,37.0,2.0,,,0 days 00:00:30.470000,0 days 00:00:30.380000,0 days 00:00:23.975000,0 days 01:47:22.891000,0 days 01:47:53.271000,0 days 01:48:17.246000,276.0,238.0,244.0,289.0,False,HARD,21.0,True,Kick Sauber,0 days 01:46:52.421000,2024-07-21 13:54:46.034,1,12.0,False,,False,True,84.825
0 days 01:49:42.200000,BOT,77,0 days 00:01:24.954000,38.0,2.0,,,0 days 00:00:30.672000,0 days 00:00:30.406000,0 days 00:00:23.876000,0 days 01:48:47.918000,0 days 01:49:18.324000,0 days 01:49:42.200000,,240.0,244.0,287.0,False,HARD,22.0,True,Kick Sauber,0 days 01:48:17.246000,2024-07-21 13:56:10.859,1,11.0,False,,False,True,84.954
0 days 01:51:07.336000,BOT,77,0 days 00:01:25.136000,39.0,2.0,,,0 days 00:00:30.565000,0 days 00:00:30.663000,0 days 00:00:23.908000,0 days 01:50:12.765000,0 days 01:50:43.428000,0 days 01:51:07.336000,,237.0,244.0,,False,HARD,23.0,True,Kick Sauber,0 days 01:49:42.200000,2024-07-21 13:57:35.813,1,11.0,False,,False,True,85.136
0 days 01:52:32.309000,BOT,77,0 days 00:01:24.973000,40.0,2.0,,,0 days 00:00:30.530000,0 days 00:00:30.435000,0 days 00:00:24.008000,0 days 01:51:37.866000,0 days 01:52:08.301000,0 days 01:52:32.309000,277.0,237.0,244.0,286.0,False,HARD,24.0,True,Kick Sauber,0 days 01:51:07.336000,2024-07-21 13:59:00.949,1,11.0,False,,False,True,84.973
0 days 01:53:57.391000,BOT,77,0 days 00:01:25.082000,41.0,2.0,,,0 days 00:00:30.640000,0 days 00:00:30.453000,0 days 00:00:23.989000,0 days 01:53:02.949000,0 days 01:53:33.402000,0 days 01:53:57.391000,,237.0,243.0,,False,HARD,25.0,True,Kick Sauber,0 days 01:52:32.309000,2024-07-21 14:00:25.922,1,11.0,False,,False,True,85.082
0 days 01:55:23.262000,BOT,77,0 days 00:01:25.871000,42.0,2.0,,,0 days 00:00:30.932000,0 days 00:00:30.778000,0 days 00:00:24.161000,0 days 01:54:28.323000,0 days 01:54:59.101000,0 days 01:55:23.262000,279.0,236.0,245.0,,False,HARD,26.0,True,Kick Sauber,0 days 01:53:57.391000,2024-07-21 14:01:51.004,1,12.0,False,,False,True,85.871
0 days 01:56:48.657000,BOT,77,0 days 00:01:25.395000,43.0,2.0,,,0 days 00:00:30.544000,0 days 00:00:30.775000,0 days 00:00:24.076000,0 days 01:55:53.806000,0 days 01:56:24.581000,0 days 01:56:48.657000,277.0,237.0,244.0,290.0,False,HARD,27.0,True,Kick Sauber,0 days 01:55:23.262000,2024-07-21 14:03:16.875,1,12.0,False,,False,True,85.395
0 days 01:58:15.624000,BOT,77,0 days 00:01:26.967000,44.0,2.0,,,0 days 00:00:31.300000,0 days 00:00:31.452000,0 days 00:00:24.215000,0 days 01:57:19.957000,0 days 01:57:51.409000,0 days 01:58:15.624000,271.0,236.0,244.0,288.0,False,HARD,28.0,True,Kick Sauber,0 days 01:56:48.657000,2024-07-21 14:04:42.270,1,13.0,False,,False,True,86.967
0 days 01:59:44.299000,BOT,77,0 days 00:01:28.675000,45.0,2.0,,0 days 01:59:42.690000,0 days 00:00:30.726000,0 days 00:00:31.293000,0 days 00:00:26.656000,0 days 01:58:46.350000,0 days 01:59:17.643000,0 days 01:59:44.299000,279.0,235.0,,290.0,False,HARD,29.0,True,Kick Sauber,0 days 01:58:15.624000,2024-07-21 14:06:09.237,1,15.0,False,,False,False,88.675
0 days 02:01:26.612000,BOT,77,0 days 00:01:42.313000,46.0,3.0,0 days 02:00:04.587000,,0 days 00:00:48.720000,0 days 00:00:30.035000,0 days 00:00:23.558000,0 days 02:00:33.019000,0 days 02:01:03.054000,0 days 02:01:26.612000,274.0,239.0,248.0,,False,HARD,1.0,True,Kick Sauber,0 days 01:59:44.299000,2024-07-21 14:07:37.912,1,18.0,False,,False,False,102.313
0 days 02:02:49.830000,BOT,77,0 days 00:01:23.218000,47.0,3.0,,,0 days 00:00:29.976000,0 days 00:00:29.753000,0 days 00:00:23.489000,0 days 02:01:56.588000,0 days 02:02:26.341000,0 days 02:02:49.830000,276.0,241.0,248.0,287.0,True,HARD,2.0,True,Kick Sauber,0 days 02:01:26.612000,2024-07-21 14:09:20.225,1,18.0,False,,False,True,83.218
0 days 02:04:14.675000,BOT,77,0 days 00:01:24.845000,48.0,3.0,,,0 days 00:00:30.031000,0 days 00:00:29.801000,0 days 00:00:25.013000,0 days 02:03:19.861000,0 days 02:03:49.662000,0 days 02:04:14.675000,275.0,238.0,253.0,289.0,False,HARD,3.0,True,Kick Sauber,0 days 02:02:49.830000,2024-07-21 14:10:43.443,1,18.0,False,,False,True,84.845
0 days 02:05:40.184000,BOT,77,0 days 00:01:25.509000,49.0,3.0,,,0 days 00:00:29.885000,0 days 00:00:30.118000,0 days 00:00:25.506000,0 days 02:04:44.560000,0 days 02:05:14.678000,0 days 02:05:40.184000,277.0,239.0,251.0,305.0,False,HARD,4.0,True,Kick Sauber,0 days 02:04:14.675000,2024-07-21 14:12:08.288,1,18.0,False,,False,True,85.509
0 days 02:07:03.595000,BOT,77,0 days 00:01:23.411000,50.0,3.0,,,0 days 00:00:29.913000,0 days 00:00:30.025000,0 days 00:00:23.473000,0 days 02:06:10.097000,0 days 02:06:40.122000,0 days 02:07:03.595000,279.0,241.0,249.0,306.0,False,HARD,5.0,True,Kick Sauber,0 days 02:05:40.184000,2024-07-21 14:13:33.797,1,18.0,False,,False,True,83.411
0 days 02:08:26.637000,BOT,77,0 days 00:01:23.042000,51.0,3.0,,,0 days 00:00:29.808000,0 days 00:00:29.747000,0 days 00:00:23.487000,0 days 02:07:33.403000,0 days 02:08:03.150000,0 days 02:08:26.637000,277.0,241.0,248.0,291.0,True,HARD,6.0,True,Kick Sauber,0 days 02:07:03.595000,2024-07-21 14:14:57.208,1,18.0,False,,False,True,83.042
0 days 02:09:49.429000,BOT,77,0 days 00:01:22.792000,52.0,3.0,,,0 days 00:00:29.753000,0 days 00:00:29.585000,0 days 00:00:23.454000,0 days 02:08:56.390000,0 days 02:09:25.975000,0 days 02:09:49.429000,278.0,242.0,248.0,,True,HARD,7.0,True,Kick Sauber,0 days 02:08:26.637000,2024-07-21 14:16:20.250,1,18.0,False,,False,True,82.792
0 days 02:11:12.323000,BOT,77,0 days 00:01:22.894000,53.0,3.0,,,0 days 00:00:29.787000,0 days 00:00:29.555000,0 days 00:00:23.552000,0 days 02:10:19.216000,0 days 02:10:48.771000,0 days 02:11:12.323000,280.0,241.0,249.0,292.0,False,HARD,8.0,True,Kick Sauber,0 days 02:09:49.429000,2024-07-21 14:17:43.042,1,18.0,False,,False,True,82.894
0 days 02:12:35.763000,BOT,77,0 days 00:01:23.440000,54.0,3.0,,,0 days 00:00:30.001000,0 days 00:00:29.825000,0 days 00:00:23.614000,0 days 02:11:42.324000,0 days 02:12:12.149000,0 days 02:12:35.763000,279.0,242.0,247.0,294.0,False,HARD,9.0,True,Kick Sauber,0 days 02:11:12.323000,2024-07-21 14:19:05.936,1,18.0,False,,False,True,83.44
0 days 02:14:01.536000,BOT,77,0 days 00:01:25.773000,55.0,3.0,,,0 days 00:00:30.125000,0 days 00:00:30.092000,0 days 00:00:25.556000,0 days 02:13:05.888000,0 days 02:13:35.980000,0 days 02:14:01.536000,282.0,240.0,251.0,293.0,False,HARD,10.0,True,Kick Sauber,0 days 02:12:35.763000,2024-07-21 14:20:29.376,1,18.0,False,,False,True,85.773
0 days 02:15:28.304000,BOT,77,0 days 00:01:26.768000,56.0,3.0,,,0 days 00:00:32.092000,0 days 00:00:30.661000,0 days 00:00:24.015000,0 days 02:14:33.628000,0 days 02:15:04.289000,0 days 02:15:28.304000,280.0,239.0,247.0,307.0,False,HARD,11.0,True,Kick Sauber,0 days 02:14:01.536000,2024-07-21 14:21:55.149,1,18.0,False,,False,True,86.768
0 days 02:16:54.820000,BOT,77,0 days 00:01:26.516000,57.0,3.0,,,0 days 00:00:30.300000,0 days 00:00:31.936000,0 days 00:00:24.280000,0 days 02:15:58.604000,0 days 02:16:30.540000,0 days 02:16:54.820000,285.0,235.0,247.0,295.0,False,HARD,12.0,True,Kick Sauber,0 days 02:15:28.304000,2024-07-21 14:23:21.917,1,18.0,False,,False,True,86.516
0 days 02:18:20.063000,BOT,77,0 days 00:01:25.243000,58.0,3.0,,,0 days 00:00:30.415000,0 days 00:00:30.830000,0 days 00:00:23.998000,0 days 02:17:25.235000,0 days 02:17:56.065000,0 days 02:18:20.063000,284.0,235.0,252.0,,False,HARD,13.0,True,Kick Sauber,0 days 02:16:54.820000,2024-07-21 14:24:48.433,1,18.0,False,,False,True,85.243
0 days 02:19:45.137000,BOT,77,0 days 00:01:25.074000,59.0,3.0,,,0 days 00:00:30.169000,0 days 00:00:30.629000,0 days 00:00:24.276000,0 days 02:18:50.232000,0 days 02:19:20.861000,0 days 02:19:45.137000,,237.0,251.0,309.0,False,HARD,14.0,True,Kick Sauber,0 days 02:18:20.063000,2024-07-21 14:26:13.676,1,18.0,False,,False,True,85.074
0 days 02:21:09.577000,BOT,77,0 days 00:01:24.440000,60.0,3.0,,,0 days 00:00:30.091000,0 days 00:00:30.437000,0 days 00:00:23.912000,0 days 02:20:15.228000,0 days 02:20:45.665000,0 days 02:21:09.577000,283.0,240.0,256.0,307.0,False,HARD,15.0,True,Kick Sauber,0 days 02:19:45.137000,2024-07-21 14:27:38.750,1,18.0,False,,False,True,84.44
0 days 02:22:33.707000,BOT,77,0 days 00:01:24.130000,61.0,3.0,,,0 days 00:00:30.089000,0 days 00:00:30.123000,0 days 00:00:23.918000,0 days 02:21:39.666000,0 days 02:22:09.789000,0 days 02:22:33.707000,277.0,240.0,246.0,311.0,False,HARD,16.0,True,Kick Sauber,0 days 02:21:09.577000,2024-07-21 14:29:03.190,12,17.0,False,,False,True,84.13
0 days 02:23:58.311000,BOT,77,0 days 00:01:24.604000,62.0,3.0,,,0 days 00:00:30.225000,0 days 00:00:30.388000,0 days 00:00:23.991000,0 days 02:23:03.932000,0 days 02:23:34.320000,0 days 02:23:58.311000,278.0,238.0,252.0,291.0,False,HARD,17.0,True,Kick Sauber,0 days 02:22:33.707000,2024-07-21 14:30:27.320,21,17.0,False,,False,True,84.604
0 days 02:25:23.900000,BOT,77,0 days 00:01:25.589000,63.0,3.0,,,0 days 00:00:30.347000,0 days 00:00:30.822000,0 days 00:00:24.420000,0 days 02:24:28.658000,0 days 02:24:59.480000,0 days 02:25:23.900000,275.0,237.0,249.0,308.0,False,HARD,18.0,True,Kick Sauber,0 days 02:23:58.311000,2024-07-21 14:31:51.924,1,17.0,False,,False,True,85.589
0 days 02:26:48.366000,BOT,77,0 days 00:01:24.466000,64.0,3.0,,,0 days 00:00:30.342000,0 days 00:00:30.413000,0 days 00:00:23.711000,0 days 02:25:54.242000,0 days 02:26:24.655000,0 days 02:26:48.366000,274.0,239.0,247.0,307.0,False,HARD,19.0,True,Kick Sauber,0 days 02:25:23.900000,2024-07-21 14:33:17.513,1,16.0,False,,False,True,84.466
0 days 02:28:11.962000,BOT,77,0 days 00:01:23.596000,65.0,3.0,,,0 days 00:00:30.049000,0 days 00:00:29.949000,0 days 00:00:23.598000,0 days 02:27:18.415000,0 days 02:27:48.364000,0 days 02:28:11.962000,276.0,242.0,248.0,289.0,False,HARD,20.0,True,Kick Sauber,0 days 02:26:48.366000,2024-07-21 14:34:41.979,1,16.0,False,,False,True,83.596
0 days 02:29:35.420000,BOT,77,0 days 00:01:23.458000,66.0,3.0,,,0 days 00:00:30.007000,0 days 00:00:29.813000,0 days 00:00:23.638000,0 days 02:28:41.969000,0 days 02:29:11.782000,0 days 02:29:35.420000,277.0,242.0,248.0,291.0,False,HARD,21.0,True,Kick Sauber,0 days 02:28:11.962000,2024-07-21 14:36:05.575,1,16.0,False,,False,True,83.458
0 days 02:30:58.664000,BOT,77,0 days 00:01:23.244000,67.0,3.0,,,0 days 00:00:30.033000,0 days 00:00:29.499000,0 days 00:00:23.712000,0 days 02:30:05.453000,0 days 02:30:34.952000,0 days 02:30:58.664000,282.0,243.0,248.0,292.0,False,HARD,22.0,True,Kick Sauber,0 days 02:29:35.420000,2024-07-21 14:37:29.033,1,16.0,False,,False,True,83.244
0 days 02:32:24.823000,BOT,77,0 days 00:01:26.159000,68.0,3.0,,,0 days 00:00:30.083000,0 days 00:00:30.162000,0 days 00:00:25.914000,0 days 02:31:28.747000,0 days 02:31:58.909000,0 days 02:32:24.823000,283.0,233.0,251.0,,False,HARD,23.0,True,Kick Sauber,0 days 02:30:58.664000,2024-07-21 14:38:52.277,1,16.0,False,,False,True,86.159
0 days 02:33:52.600000,BOT,77,0 days 00:01:27.777000,69.0,3.0,,,0 days 00:00:31.199000,0 days 00:00:31.030000,0 days 00:00:25.548000,0 days 02:32:56.022000,0 days 02:33:27.052000,0 days 02:33:52.600000,282.0,233.0,246.0,307.0,False,HARD,24.0,True,Kick Sauber,0 days 02:32:24.823000,2024-07-21 14:40:18.436,1,16.0,False,,False,True,87.777
0 days 00:56:42.825000,SAR,2,0 days 00:01:37.623000,1.0,1.0,,,,0 days 00:00:34.431000,0 days 00:00:24.523000,,0 days 00:56:18.404000,0 days 00:56:42.877000,248.0,227.0,250.0,272.0,False,MEDIUM,1.0,True,Williams,0 days 00:55:04.938000,2024-07-21 13:02:58.551,1,18.0,False,,False,False,97.623
0 days 00:58:09.666000,SAR,2,0 days 00:01:26.841000,2.0,1.0,,,0 days 00:00:30.427000,0 days 00:00:31.989000,0 days 00:00:24.425000,0 days 00:57:13.272000,0 days 00:57:45.261000,0 days 00:58:09.686000,253.0,232.0,249.0,303.0,True,MEDIUM,2.0,True,Williams,0 days 00:56:42.825000,2024-07-21 13:04:36.438,1,16.0,False,,False,True,86.841
0 days 00:59:35.620000,SAR,2,0 days 00:01:25.954000,3.0,1.0,,,0 days 00:00:30.316000,0 days 00:00:31.345000,0 days 00:00:24.293000,0 days 00:58:40.002000,0 days 00:59:11.347000,0 days 00:59:35.640000,269.0,232.0,250.0,306.0,True,MEDIUM,3.0,True,Williams,0 days 00:58:09.666000,2024-07-21 13:06:03.279,1,16.0,False,,False,True,85.954
0 days 01:01:01.885000,SAR,2,0 days 00:01:26.265000,4.0,1.0,,,0 days 00:00:30.261000,0 days 00:00:31.740000,0 days 00:00:24.264000,0 days 01:00:05.901000,0 days 01:00:37.641000,0 days 01:01:01.905000,264.0,230.0,251.0,309.0,False,MEDIUM,4.0,True,Williams,0 days 00:59:35.620000,2024-07-21 13:07:29.233,1,16.0,False,,False,True,86.265
0 days 01:02:28.360000,SAR,2,0 days 00:01:26.475000,5.0,1.0,,,0 days 00:00:30.507000,0 days 00:00:31.716000,0 days 00:00:24.252000,0 days 01:01:32.412000,0 days 01:02:04.128000,0 days 01:02:28.380000,270.0,227.0,250.0,310.0,False,MEDIUM,5.0,True,Williams,0 days 01:01:01.885000,2024-07-21 13:08:55.498,1,16.0,False,,False,True,86.475
0 days 01:03:54.442000,SAR,2,0 days 00:01:26.082000,6.0,1.0,,,0 days 00:00:30.240000,0 days 00:00:31.484000,0 days 00:00:24.358000,0 days 01:02:58.620000,0 days 01:03:30.104000,0 days 01:03:54.462000,272.0,231.0,250.0,308.0,False,MEDIUM,6.0,True,Williams,0 days 01:02:28.360000,2024-07-21 13:10:21.973,1,15.0,False,,False,True,86.082
0 days 01:05:19.512000,SAR,2,0 days 00:01:25.070000,7.0,1.0,,,0 days 00:00:30.126000,0 days 00:00:30.914000,0 days 00:00:24.030000,0 days 01:04:24.588000,0 days 01:04:55.502000,0 days 01:05:19.532000,271.0,232.0,244.0,307.0,True,MEDIUM,7.0,True,Williams,0 days 01:03:54.442000,2024-07-21 13:11:48.055,1,13.0,False,,False,True,85.07
0 days 01:06:46.948000,SAR,2,0 days 00:01:27.436000,8.0,1.0,,0 days 01:06:45.280000,0 days 00:00:30.388000,0 days 00:00:30.909000,0 days 00:00:26.139000,0 days 01:05:49.920000,0 days 01:06:20.829000,0 days 01:06:46.968000,270.0,232.0,,292.0,False,MEDIUM,8.0,True,Williams,0 days 01:05:19.512000,2024-07-21 13:13:13.125,1,12.0,False,,False,False,87.436
0 days 01:08:29.694000,SAR,2,0 days 00:01:42.746000,9.0,2.0,0 days 01:07:06.962000,,0 days 00:00:48.489000,0 days 00:00:30.259000,0 days 00:00:23.998000,0 days 01:07:35.457000,0 days 01:08:05.716000,0 days 01:08:29.714000,277.0,231.0,246.0,,False,HARD,1.0,True,Williams,0 days 01:06:46.948000,2024-07-21 13:14:40.561,1,19.0,False,,False,False,102.746
0 days 01:09:54.532000,SAR,2,0 days 00:01:24.838000,10.0,2.0,,,0 days 00:00:30.267000,0 days 00:00:30.651000,0 days 00:00:23.920000,0 days 01:08:59.981000,0 days 01:09:30.632000,0 days 01:09:54.552000,270.0,232.0,246.0,290.0,True,HARD,2.0,True,Williams,0 days 01:08:29.694000,2024-07-21 13:16:23.307,1,19.0,False,,False,True,84.838
0 days 01:11:19.267000,SAR,2,0 days 00:01:24.735000,11.0,2.0,,,0 days 00:00:30.352000,0 days 00:00:30.576000,0 days 00:00:23.807000,0 days 01:10:24.904000,0 days 01:10:55.480000,0 days 01:11:19.287000,271.0,230.0,246.0,289.0,True,HARD,3.0,True,Williams,0 days 01:09:54.532000,2024-07-21 13:17:48.145,1,19.0,False,,False,True,84.735
0 days 01:12:44.002000,SAR,2,0 days 00:01:24.735000,12.0,2.0,,,0 days 00:00:30.305000,0 days 00:00:30.460000,0 days 00:00:23.970000,0 days 01:11:49.592000,0 days 01:12:20.052000,0 days 01:12:44.022000,272.0,233.0,245.0,288.0,False,HARD,4.0,True,Williams,0 days 01:11:19.267000,2024-07-21 13:19:12.880,1,19.0,False,,False,True,84.735
0 days 01:14:08.977000,SAR,2,0 days 00:01:24.975000,13.0,2.0,,,0 days 00:00:30.304000,0 days 00:00:30.701000,0 days 00:00:23.970000,0 days 01:13:14.326000,0 days 01:13:45.027000,0 days 01:14:08.997000,,233.0,244.0,290.0,False,HARD,5.0,True,Williams,0 days 01:12:44.002000,2024-07-21 13:20:37.615,1,19.0,False,,False,True,84.975
0 days 01:15:34.060000,SAR,2,0 days 00:01:25.083000,14.0,2.0,,,0 days 00:00:30.375000,0 days 00:00:30.698000,0 days 00:00:24.010000,0 days 01:14:39.372000,0 days 01:15:10.070000,0 days 01:15:34.080000,273.0,234.0,245.0,,False,HARD,6.0,True,Williams,0 days 01:14:08.977000,2024-07-21 13:22:02.590,1,19.0,False,,False,True,85.083
0 days 01:16:59.491000,SAR,2,0 days 00:01:25.431000,15.0,2.0,,,0 days 00:00:30.408000,0 days 00:00:30.854000,0 days 00:00:24.169000,0 days 01:16:04.488000,0 days 01:16:35.342000,0 days 01:16:59.511000,272.0,233.0,244.0,291.0,False,HARD,7.0,True,Williams,0 days 01:15:34.060000,2024-07-21 13:23:27.673,1,19.0,False,,False,True,85.431
0 days 01:18:25.084000,SAR,2,0 days 00:01:25.593000,16.0,2.0,,,0 days 00:00:30.542000,0 days 00:00:30.825000,0 days 00:00:24.226000,0 days 01:17:30.053000,0 days 01:18:00.878000,0 days 01:18:25.104000,273.0,232.0,245.0,,False,HARD,8.0,True,Williams,0 days 01:16:59.491000,2024-07-21 13:24:53.104,1,19.0,False,,False,True,85.593
0 days 01:19:51.266000,SAR,2,0 days 00:01:26.182000,17.0,2.0,,,0 days 00:00:30.702000,0 days 00:00:31.241000,0 days 00:00:24.239000,0 days 01:18:55.806000,0 days 01:19:27.047000,0 days 01:19:51.286000,274.0,233.0,244.0,290.0,False,HARD,9.0,True,Williams,0 days 01:18:25.084000,2024-07-21 13:26:18.697,1,19.0,False,,False,True,86.182
0 days 01:21:17.304000,SAR,2,0 days 00:01:26.038000,18.0,2.0,,,0 days 00:00:30.711000,0 days 00:00:30.931000,0 days 00:00:24.396000,0 days 01:20:21.997000,0 days 01:20:52.928000,0 days 01:21:17.324000,272.0,233.0,245.0,,False,HARD,10.0,True,Williams,0 days 01:19:51.266000,2024-07-21 13:27:44.879,1,19.0,False,,False,True,86.038
0 days 01:22:42.975000,SAR,2,0 days 00:01:25.671000,19.0,2.0,,,0 days 00:00:30.490000,0 days 00:00:30.890000,0 days 00:00:24.291000,0 days 01:21:47.814000,0 days 01:22:18.704000,0 days 01:22:42.995000,280.0,232.0,246.0,,False,HARD,11.0,True,Williams,0 days 01:21:17.304000,2024-07-21 13:29:10.917,1,19.0,False,,False,True,85.671
0 days 01:24:08.588000,SAR,2,0 days 00:01:25.613000,20.0,2.0,,,0 days 00:00:30.608000,0 days 00:00:30.749000,0 days 00:00:24.256000,0 days 01:23:13.603000,0 days 01:23:44.352000,0 days 01:24:08.608000,273.0,235.0,244.0,292.0,False,HARD,12.0,True,Williams,0 days 01:22:42.975000,2024-07-21 13:30:36.588,1,19.0,False,,False,True,85.613
0 days 01:25:34.249000,SAR,2,0 days 00:01:25.661000,21.0,2.0,,,0 days 00:00:30.615000,0 days 00:00:30.887000,0 days 00:00:24.159000,0 days 01:24:39.223000,0 days 01:25:10.110000,0 days 01:25:34.269000,278.0,234.0,246.0,291.0,False,HARD,13.0,True,Williams,0 days 01:24:08.588000,2024-07-21 13:32:02.201,1,19.0,False,,False,True,85.661
0 days 01:26:59.877000,SAR,2,0 days 00:01:25.628000,22.0,2.0,,,0 days 00:00:30.600000,0 days 00:00:30.864000,0 days 00:00:24.164000,0 days 01:26:04.869000,0 days 01:26:35.733000,0 days 01:26:59.897000,273.0,236.0,244.0,,False,HARD,14.0,True,Williams,0 days 01:25:34.249000,2024-07-21 13:33:27.862,1,19.0,False,,False,True,85.628
0 days 01:28:25.346000,SAR,2,0 days 00:01:25.469000,23.0,2.0,,,0 days 00:00:30.490000,0 days 00:00:30.729000,0 days 00:00:24.250000,0 days 01:27:30.387000,0 days 01:28:01.116000,0 days 01:28:25.366000,274.0,233.0,246.0,292.0,False,HARD,15.0,True,Williams,0 days 01:26:59.877000,2024-07-21 13:34:53.490,1,19.0,False,,False,True,85.469
0 days 01:29:50.865000,SAR,2,0 days 00:01:25.519000,24.0,2.0,,,0 days 00:00:30.653000,0 days 00:00:30.617000,0 days 00:00:24.249000,0 days 01:28:56.019000,0 days 01:29:26.636000,0 days 01:29:50.885000,275.0,234.0,245.0,,False,HARD,16.0,True,Williams,0 days 01:28:25.346000,2024-07-21 13:36:18.959,1,19.0,False,,False,True,85.519
0 days 01:31:16.400000,SAR,2,0 days 00:01:25.535000,25.0,2.0,,,0 days 00:00:30.710000,0 days 00:00:30.683000,0 days 00:00:24.142000,0 days 01:30:21.595000,0 days 01:30:52.278000,0 days 01:31:16.420000,274.0,236.0,245.0,,False,HARD,17.0,True,Williams,0 days 01:29:50.865000,2024-07-21 13:37:44.478,1,19.0,False,,False,True,85.535
0 days 01:32:41.706000,SAR,2,0 days 00:01:25.306000,26.0,2.0,,,0 days 00:00:30.485000,0 days 00:00:30.475000,0 days 00:00:24.346000,0 days 01:31:46.905000,0 days 01:32:17.380000,0 days 01:32:41.726000,,234.0,243.0,,False,HARD,18.0,True,Williams,0 days 01:31:16.400000,2024-07-21 13:39:10.013,1,19.0,False,,False,True,85.306
0 days 01:34:07.209000,SAR,2,0 days 00:01:25.503000,27.0,2.0,,,0 days 00:00:30.521000,0 days 00:00:30.674000,0 days 00:00:24.308000,0 days 01:33:12.247000,0 days 01:33:42.921000,0 days 01:34:07.229000,281.0,235.0,245.0,291.0,False,HARD,19.0,True,Williams,0 days 01:32:41.706000,2024-07-21 13:40:35.319,1,19.0,False,,False,True,85.503
0 days 01:35:32.609000,SAR,2,0 days 00:01:25.400000,28.0,2.0,,,0 days 00:00:30.464000,0 days 00:00:30.664000,0 days 00:00:24.272000,0 days 01:34:37.693000,0 days 01:35:08.357000,0 days 01:35:32.629000,279.0,236.0,249.0,293.0,False,HARD,20.0,True,Williams,0 days 01:34:07.209000,2024-07-21 13:42:00.822,1,19.0,False,,False,True,85.4
0 days 01:36:58.535000,SAR,2,0 days 00:01:25.926000,29.0,2.0,,,0 days 00:00:30.509000,0 days 00:00:30.871000,0 days 00:00:24.546000,0 days 01:36:03.138000,0 days 01:36:34.009000,0 days 01:36:58.555000,275.0,235.0,250.0,305.0,False,HARD,21.0,True,Williams,0 days 01:35:32.609000,2024-07-21 13:43:26.222,1,17.0,False,,False,True,85.926
0 days 01:38:24.456000,SAR,2,0 days 00:01:25.921000,30.0,2.0,,,0 days 00:00:30.528000,0 days 00:00:31.030000,0 days 00:00:24.363000,0 days 01:37:29.083000,0 days 01:38:00.113000,0 days 01:38:24.476000,274.0,235.0,250.0,307.0,False,HARD,22.0,True,Williams,0 days 01:36:58.535000,2024-07-21 13:44:52.148,1,14.0,False,,False,True,85.921
0 days 01:39:49.950000,SAR,2,0 days 00:01:25.494000,31.0,2.0,,,0 days 00:00:30.285000,0 days 00:00:30.979000,0 days 00:00:24.230000,0 days 01:38:54.761000,0 days 01:39:25.740000,0 days 01:39:49.970000,273.0,236.0,245.0,304.0,False,HARD,23.0,True,Williams,0 days 01:38:24.456000,2024-07-21 13:46:18.069,1,14.0,False,,False,True,85.494
0 days 01:41:15.387000,SAR,2,0 days 00:01:25.437000,32.0,2.0,,,0 days 00:00:30.626000,0 days 00:00:30.658000,0 days 00:00:24.153000,0 days 01:40:20.596000,0 days 01:40:51.254000,0 days 01:41:15.407000,276.0,236.0,246.0,291.0,False,HARD,24.0,True,Williams,0 days 01:39:49.950000,2024-07-21 13:47:43.563,1,14.0,False,,False,True,85.437
0 days 01:42:43.397000,SAR,2,0 days 00:01:28.010000,33.0,2.0,,0 days 01:42:41.760000,0 days 00:00:30.784000,0 days 00:00:30.696000,0 days 00:00:26.530000,0 days 01:41:46.191000,0 days 01:42:16.887000,0 days 01:42:43.417000,274.0,236.0,,,False,HARD,25.0,True,Williams,0 days 01:41:15.387000,2024-07-21 13:49:09.000,1,14.0,False,,False,False,88.01
0 days 01:44:25.307000,SAR,2,0 days 00:01:41.910000,34.0,3.0,0 days 01:43:03.181000,,0 days 00:00:48.307000,0 days 00:00:30.028000,0 days 00:00:23.575000,0 days 01:43:31.724000,0 days 01:44:01.752000,0 days 01:44:25.327000,275.0,239.0,251.0,,False,HARD,1.0,True,Williams,0 days 01:42:43.397000,2024-07-21 13:50:37.010,1,19.0,False,,False,False,101.91
0 days 01:45:50.354000,SAR,2,0 days 00:01:25.047000,35.0,3.0,,,0 days 00:00:30.346000,0 days 00:00:30.852000,0 days 00:00:23.849000,0 days 01:44:55.673000,0 days 01:45:26.525000,0 days 01:45:50.374000,273.0,238.0,250.0,305.0,False,HARD,2.0,True,Williams,0 days 01:44:25.307000,2024-07-21 13:52:18.920,1,19.0,False,,False,True,85.047
0 days 01:47:14.669000,SAR,2,0 days 00:01:24.315000,36.0,3.0,,,0 days 00:00:30.176000,0 days 00:00:30.446000,0 days 00:00:23.693000,0 days 01:46:20.550000,0 days 01:46:50.996000,0 days 01:47:14.689000,,238.0,253.0,307.0,True,HARD,3.0,True,Williams,0 days 01:45:50.354000,2024-07-21 13:53:43.967,1,19.0,False,,False,True,84.315
0 days 01:48:38.907000,SAR,2,0 days 00:01:24.238000,37.0,3.0,,,0 days 00:00:29.885000,0 days 00:00:30.501000,0 days 00:00:23.852000,0 days 01:47:44.574000,0 days 01:48:15.075000,0 days 01:48:38.927000,279.0,239.0,250.0,308.0,True,HARD,4.0,True,Williams,0 days 01:47:14.669000,2024-07-21 13:55:08.282,1,18.0,False,,False,True,84.238
0 days 01:50:03.128000,SAR,2,0 days 00:01:24.221000,38.0,3.0,,,0 days 00:00:30.100000,0 days 00:00:30.268000,0 days 00:00:23.853000,0 days 01:49:09.027000,0 days 01:49:39.295000,0 days 01:50:03.148000,281.0,236.0,251.0,305.0,True,HARD,5.0,True,Williams,0 days 01:48:38.907000,2024-07-21 13:56:32.520,1,18.0,False,,False,True,84.221
0 days 01:51:27.625000,SAR,2,0 days 00:01:24.497000,39.0,3.0,,,0 days 00:00:29.956000,0 days 00:00:30.583000,0 days 00:00:23.958000,0 days 01:50:33.104000,0 days 01:51:03.687000,0 days 01:51:27.645000,283.0,238.0,248.0,306.0,False,HARD,6.0,True,Williams,0 days 01:50:03.128000,2024-07-21 13:57:56.741,1,18.0,False,,False,True,84.497
0 days 01:52:51.948000,SAR,2,0 days 00:01:24.323000,40.0,3.0,,,0 days 00:00:30.068000,0 days 00:00:30.393000,0 days 00:00:23.862000,0 days 01:51:57.713000,0 days 01:52:28.106000,0 days 01:52:51.968000,,236.0,250.0,303.0,False,HARD,7.0,True,Williams,0 days 01:51:27.625000,2024-07-21 13:59:21.238,1,18.0,False,,False,True,84.323
0 days 01:54:16.227000,SAR,2,0 days 00:01:24.279000,41.0,3.0,,,0 days 00:00:29.971000,0 days 00:00:30.383000,0 days 00:00:23.925000,0 days 01:53:21.939000,0 days 01:53:52.322000,0 days 01:54:16.247000,284.0,238.0,252.0,304.0,False,HARD,8.0,True,Williams,0 days 01:52:51.948000,2024-07-21 14:00:45.561,1,18.0,False,,False,True,84.279
0 days 01:55:40.382000,SAR,2,0 days 00:01:24.155000,42.0,3.0,,,0 days 00:00:30.041000,0 days 00:00:30.338000,0 days 00:00:23.776000,0 days 01:54:46.288000,0 days 01:55:16.626000,0 days 01:55:40.402000,277.0,237.0,252.0,306.0,True,HARD,9.0,True,Williams,0 days 01:54:16.227000,2024-07-21 14:02:09.840,1,18.0,False,,False,True,84.155
0 days 01:57:04.741000,SAR,2,0 days 00:01:24.359000,43.0,3.0,,,0 days 00:00:30.046000,0 days 00:00:30.422000,0 days 00:00:23.891000,0 days 01:56:10.448000,0 days 01:56:40.870000,0 days 01:57:04.761000,276.0,239.0,252.0,,False,HARD,10.0,True,Williams,0 days 01:55:40.382000,2024-07-21 14:03:33.995,1,18.0,False,,False,True,84.359
0 days 01:58:29.457000,SAR,2,0 days 00:01:24.716000,44.0,3.0,,,0 days 00:00:30.201000,0 days 00:00:30.559000,0 days 00:00:23.956000,0 days 01:57:34.962000,0 days 01:58:05.521000,0 days 01:58:29.477000,,239.0,252.0,307.0,False,HARD,11.0,True,Williams,0 days 01:57:04.741000,2024-07-21 14:04:58.354,1,18.0,False,,False,True,84.716
0 days 01:59:53.851000,SAR,2,0 days 00:01:24.394000,45.0,3.0,,,0 days 00:00:29.961000,0 days 00:00:30.350000,0 days 00:00:24.083000,0 days 01:58:59.438000,0 days 01:59:29.788000,0 days 01:59:53.871000,,238.0,248.0,,False,HARD,12.0,True,Williams,0 days 01:58:29.457000,2024-07-21 14:06:23.070,1,18.0,False,,False,True,84.394
0 days 02:01:18.313000,SAR,2,0 days 00:01:24.462000,46.0,3.0,,,0 days 00:00:30.307000,0 days 00:00:30.185000,0 days 00:00:23.970000,0 days 02:00:24.178000,0 days 02:00:54.363000,0 days 02:01:18.333000,280.0,238.0,248.0,293.0,False,HARD,13.0,True,Williams,0 days 01:59:53.851000,2024-07-21 14:07:47.464,1,17.0,False,,False,True,84.462
0 days 02:02:42.587000,SAR,2,0 days 00:01:24.274000,47.0,3.0,,,0 days 00:00:30.300000,0 days 00:00:30.114000,0 days 00:00:23.860000,0 days 02:01:48.633000,0 days 02:02:18.747000,0 days 02:02:42.607000,277.0,237.0,248.0,292.0,False,HARD,14.0,True,Williams,0 days 02:01:18.313000,2024-07-21 14:09:11.926,1,17.0,False,,False,True,84.274
0 days 02:04:06.848000,SAR,2,0 days 00:01:24.261000,48.0,3.0,,,0 days 00:00:30.257000,0 days 00:00:30.011000,0 days 00:00:23.993000,0 days 02:03:12.864000,0 days 02:03:42.875000,0 days 02:04:06.868000,275.0,240.0,248.0,,False,HARD,15.0,True,Williams,0 days 02:02:42.587000,2024-07-21 14:10:36.200,1,17.0,False,,False,True,84.261
0 days 02:05:31.018000,SAR,2,0 days 00:01:24.170000,49.0,3.0,,,0 days 00:00:30.248000,0 days 00:00:30.066000,0 days 00:00:23.856000,0 days 02:04:37.116000,0 days 02:05:07.182000,0 days 02:05:31.038000,,239.0,248.0,,False,HARD,16.0,True,Williams,0 days 02:04:06.848000,2024-07-21 14:12:00.461,1,17.0,False,,False,True,84.17
0 days 02:06:55.268000,SAR,2,0 days 00:01:24.250000,50.0,3.0,,,0 days 00:00:30.290000,0 days 00:00:30.117000,0 days 00:00:23.843000,0 days 02:06:01.328000,0 days 02:06:31.445000,0 days 02:06:55.288000,274.0,237.0,248.0,293.0,False,HARD,17.0,True,Williams,0 days 02:05:31.018000,2024-07-21 14:13:24.631,1,17.0,False,,False,True,84.25
0 days 02:08:20.695000,SAR,2,0 days 00:01:25.427000,51.0,3.0,,,0 days 00:00:30.209000,0 days 00:00:29.997000,0 days 00:00:25.221000,0 days 02:07:25.497000,0 days 02:07:55.494000,0 days 02:08:20.715000,275.0,237.0,251.0,,False,HARD,18.0,True,Williams,0 days 02:06:55.268000,2024-07-21 14:14:48.881,1,17.0,False,,False,True,85.427
0 days 02:09:46.282000,SAR,2,0 days 00:01:25.587000,52.0,3.0,,,0 days 00:00:30.032000,0 days 00:00:30.170000,0 days 00:00:25.385000,0 days 02:08:50.747000,0 days 02:09:20.917000,0 days 02:09:46.302000,279.0,216.0,253.0,307.0,False,HARD,19.0,True,Williams,0 days 02:08:20.695000,2024-07-21 14:16:14.308,1,17.0,False,,False,True,85.587
0 days 02:11:10.372000,SAR,2,0 days 00:01:24.090000,53.0,3.0,,,0 days 00:00:30.114000,0 days 00:00:30.087000,0 days 00:00:23.889000,0 days 02:10:16.416000,0 days 02:10:46.503000,0 days 02:11:10.392000,275.0,238.0,249.0,308.0,True,HARD,20.0,True,Williams,0 days 02:09:46.282000,2024-07-21 14:17:39.895,1,17.0,False,,False,True,84.09
0 days 02:12:34.628000,SAR,2,0 days 00:01:24.256000,54.0,3.0,,,0 days 00:00:30.258000,0 days 00:00:30.079000,0 days 00:00:23.919000,0 days 02:11:40.650000,0 days 02:12:10.729000,0 days 02:12:34.648000,,238.0,248.0,295.0,False,HARD,21.0,True,Williams,0 days 02:11:10.372000,2024-07-21 14:19:03.985,1,17.0,False,,False,True,84.256
0 days 02:13:59.115000,SAR,2,0 days 00:01:24.487000,55.0,3.0,,,0 days 00:00:30.321000,0 days 00:00:30.092000,0 days 00:00:24.074000,0 days 02:13:04.969000,0 days 02:13:35.061000,0 days 02:13:59.135000,276.0,237.0,247.0,293.0,False,HARD,22.0,True,Williams,0 days 02:12:34.628000,2024-07-21 14:20:28.241,1,17.0,False,,False,True,84.487
0 days 02:15:27.060000,SAR,2,0 days 00:01:27.945000,56.0,3.0,,,0 days 00:00:30.358000,0 days 00:00:31.883000,0 days 00:00:25.704000,0 days 02:14:29.493000,0 days 02:15:01.376000,0 days 02:15:27.080000,277.0,219.0,218.0,292.0,False,HARD,23.0,True,Williams,0 days 02:13:59.115000,2024-07-21 14:21:52.728,1,17.0,False,,False,True,87.945
0 days 02:16:53.452000,SAR,2,0 days 00:01:26.392000,57.0,3.0,,,0 days 00:00:30.716000,0 days 00:00:30.659000,0 days 00:00:25.017000,0 days 02:15:57.796000,0 days 02:16:28.455000,0 days 02:16:53.472000,284.0,224.0,216.0,297.0,False,HARD,24.0,True,Williams,0 days 02:15:27.060000,2024-07-21 14:23:20.673,1,17.0,False,,False,True,86.392
0 days 02:18:19.203000,SAR,2,0 days 00:01:25.751000,58.0,3.0,,,0 days 00:00:30.808000,0 days 00:00:30.723000,0 days 00:00:24.220000,0 days 02:17:24.280000,0 days 02:17:55.003000,0 days 02:18:19.223000,285.0,232.0,250.0,296.0,False,HARD,25.0,True,Williams,0 days 02:16:53.452000,2024-07-21 14:24:47.065,1,17.0,False,,False,True,85.751
0 days 02:19:44.138000,SAR,2,0 days 00:01:24.935000,59.0,3.0,,,0 days 00:00:30.331000,0 days 00:00:30.551000,0 days 00:00:24.053000,0 days 02:18:49.554000,0 days 02:19:20.105000,0 days 02:19:44.158000,282.0,236.0,252.0,306.0,False,HARD,26.0,True,Williams,0 days 02:18:19.203000,2024-07-21 14:26:12.816,1,17.0,False,,False,True,84.935
0 days 02:21:09.142000,SAR,2,0 days 00:01:25.004000,60.0,3.0,,,0 days 00:00:30.293000,0 days 00:00:30.571000,0 days 00:00:24.140000,0 days 02:20:14.451000,0 days 02:20:45.022000,0 days 02:21:09.162000,278.0,233.0,249.0,,False,HARD,27.0,True,Williams,0 days 02:19:44.138000,2024-07-21 14:27:37.751,1,17.0,False,,False,True,85.004
0 days 02:22:35.435000,SAR,2,0 days 00:01:26.293000,61.0,3.0,,,0 days 00:00:30.965000,0 days 00:00:31.210000,0 days 00:00:24.118000,0 days 02:21:40.127000,0 days 02:22:11.337000,0 days 02:22:35.455000,279.0,234.0,247.0,292.0,False,HARD,28.0,True,Williams,0 days 02:21:09.142000,2024-07-21 14:29:02.755,12,18.0,False,,False,True,86.293
0 days 02:24:01.302000,SAR,2,0 days 00:01:25.867000,62.0,3.0,,,0 days 00:00:30.732000,0 days 00:00:30.736000,0 days 00:00:24.399000,0 days 02:23:06.187000,0 days 02:23:36.923000,0 days 02:24:01.322000,277.0,235.0,245.0,293.0,False,HARD,29.0,True,Williams,0 days 02:22:35.435000,2024-07-21 14:30:29.048,1,18.0,False,,False,True,85.867
0 days 02:25:31.291000,SAR,2,0 days 00:01:29.989000,63.0,3.0,,0 days 02:25:29.641000,0 days 00:00:31.777000,0 days 00:00:31.331000,0 days 00:00:26.881000,0 days 02:24:33.099000,0 days 02:25:04.430000,0 days 02:25:31.311000,242.0,234.0,,290.0,False,HARD,30.0,True,Williams,0 days 02:24:01.302000,2024-07-21 14:31:54.915,1,18.0,False,,False,False,89.989
0 days 02:27:11.101000,SAR,2,0 days 00:01:39.810000,64.0,4.0,0 days 02:25:51.516000,,0 days 00:00:48.408000,0 days 00:00:28.825000,0 days 00:00:22.577000,0 days 02:26:19.719000,0 days 02:26:48.544000,0 days 02:27:11.121000,275.0,244.0,251.0,,False,SOFT,1.0,True,Williams,0 days 02:25:31.291000,2024-07-21 14:33:24.904,1,19.0,False,,False,False,99.81
0 days 02:28:31.662000,SAR,2,0 days 00:01:20.561000,65.0,4.0,,,0 days 00:00:29.197000,0 days 00:00:28.649000,0 days 00:00:22.715000,0 days 02:27:40.318000,0 days 02:28:08.967000,0 days 02:28:31.682000,282.0,244.0,251.0,291.0,True,SOFT,2.0,True,Williams,0 days 02:27:11.101000,2024-07-21 14:35:04.714,1,18.0,False,,False,True,80.561
0 days 02:29:53.961000,SAR,2,0 days 00:01:22.299000,66.0,4.0,,,0 days 00:00:29.238000,0 days 00:00:29.313000,0 days 00:00:23.748000,0 days 02:29:00.920000,0 days 02:29:30.233000,0 days 02:29:53.981000,283.0,240.0,255.0,294.0,False,SOFT,3.0,True,Williams,0 days 02:28:31.662000,2024-07-21 14:36:25.275,1,18.0,False,,False,True,82.299
0 days 02:31:16.150000,SAR,2,0 days 00:01:22.189000,67.0,4.0,,,0 days 00:00:29.820000,0 days 00:00:29.151000,0 days 00:00:23.218000,0 days 02:30:23.801000,0 days 02:30:52.952000,0 days 02:31:16.170000,275.0,241.0,250.0,307.0,False,SOFT,4.0,True,Williams,0 days 02:29:53.961000,2024-07-21 14:37:47.574,1,17.0,False,,False,True,82.189
0 days 02:32:37.939000,SAR,2,0 days 00:01:21.789000,68.0,4.0,,,0 days 00:00:29.589000,0 days 00:00:29.021000,0 days 00:00:23.179000,0 days 02:31:45.759000,0 days 02:32:14.780000,0 days 02:32:37.959000,276.0,241.0,250.0,292.0,False,SOFT,5.0,True,Williams,0 days 02:31:16.150000,2024-07-21 14:39:09.763,1,17.0,False,,False,True,81.789
0 days 02:33:59.782000,SAR,2,0 days 00:01:21.843000,69.0,4.0,,,0 days 00:00:29.481000,0 days 00:00:29.175000,0 days 00:00:23.187000,0 days 02:33:07.440000,0 days 02:33:36.615000,0 days 02:33:59.802000,277.0,240.0,250.0,293.0,False,SOFT,6.0,True,Williams,0 days 02:32:37.939000,2024-07-21 14:40:31.552,1,17.0,False,,False,True,81.843
0 days 00:56:41.613000,OCO,31,0 days 00:01:36.411000,1.0,1.0,,,,0 days 00:00:34.171000,0 days 00:00:24.578000,,0 days 00:56:17.235000,0 days 00:56:41.759000,255.0,231.0,247.0,279.0,False,MEDIUM,1.0,True,Alpine,0 days 00:55:04.938000,2024-07-21 13:02:58.551,1,15.0,False,,False,False,96.411
0 days 00:58:08.324000,OCO,31,0 days 00:01:26.711000,2.0,1.0,,,0 days 00:00:30.691000,0 days 00:00:31.723000,0 days 00:00:24.297000,0 days 00:57:12.356000,0 days 00:57:44.079000,0 days 00:58:08.376000,278.0,232.0,249.0,292.0,True,MEDIUM,2.0,True,Alpine,0 days 00:56:41.613000,2024-07-21 13:04:35.226,1,14.0,False,,False,True,86.711
0 days 00:59:34.627000,OCO,31,0 days 00:01:26.303000,3.0,1.0,,,0 days 00:00:30.104000,0 days 00:00:31.671000,0 days 00:00:24.528000,0 days 00:58:38.480000,0 days 00:59:10.151000,0 days 00:59:34.679000,279.0,233.0,250.0,303.0,True,MEDIUM,3.0,True,Alpine,0 days 00:58:08.324000,2024-07-21 13:06:01.937,1,14.0,False,,False,True,86.303
0 days 01:01:01.042000,OCO,31,0 days 00:01:26.415000,4.0,1.0,,,0 days 00:00:30.226000,0 days 00:00:31.862000,0 days 00:00:24.327000,0 days 01:00:04.905000,0 days 01:00:36.767000,0 days 01:01:01.094000,274.0,232.0,249.0,306.0,False,MEDIUM,4.0,True,Alpine,0 days 00:59:34.627000,2024-07-21 13:07:28.240,1,14.0,False,,False,True,86.415
0 days 01:02:27.200000,OCO,31,0 days 00:01:26.158000,5.0,1.0,,,0 days 00:00:30.067000,0 days 00:00:31.699000,0 days 00:00:24.392000,0 days 01:01:31.161000,0 days 01:02:02.860000,0 days 01:02:27.252000,277.0,228.0,249.0,305.0,True,MEDIUM,5.0,True,Alpine,0 days 01:01:01.042000,2024-07-21 13:08:54.655,1,14.0,False,,False,True,86.158
0 days 01:03:55.753000,OCO,31,0 days 00:01:28.553000,6.0,1.0,,0 days 01:03:54.022000,0 days 00:00:30.008000,0 days 00:00:31.467000,0 days 00:00:27.078000,0 days 01:02:57.260000,0 days 01:03:28.727000,0 days 01:03:55.805000,,230.0,,,False,MEDIUM,6.0,True,Alpine,0 days 01:02:27.200000,2024-07-21 13:10:20.813,1,18.0,False,,False,False,88.553
0 days 01:05:37.514000,OCO,31,0 days 00:01:41.761000,7.0,2.0,0 days 01:04:15.964000,,0 days 00:00:48.248000,0 days 00:00:30.003000,0 days 00:00:23.510000,0 days 01:04:44.053000,0 days 01:05:14.056000,0 days 01:05:37.566000,275.0,237.0,246.0,,False,HARD,1.0,True,Alpine,0 days 01:03:55.753000,2024-07-21 13:11:49.366,1,20.0,False,,False,False,101.761
0 days 01:07:01.801000,OCO,31,0 days 00:01:24.287000,8.0,2.0,,,0 days 00:00:29.894000,0 days 00:00:30.483000,0 days 00:00:23.910000,0 days 01:06:07.460000,0 days 01:06:37.943000,0 days 01:07:01.853000,277.0,234.0,247.0,290.0,True,HARD,2.0,True,Alpine,0 days 01:05:37.514000,2024-07-21 13:13:31.127,1,19.0,False,,False,True,84.287
0 days 01:08:26.410000,OCO,31,0 days 00:01:24.609000,9.0,2.0,,,0 days 00:00:29.911000,0 days 00:00:30.714000,0 days 00:00:23.984000,0 days 01:07:31.764000,0 days 01:08:02.478000,0 days 01:08:26.462000,276.0,234.0,245.0,292.0,False,HARD,3.0,True,Alpine,0 days 01:07:01.801000,2024-07-21 13:14:55.414,1,18.0,False,,False,True,84.609
0 days 01:09:51.471000,OCO,31,0 days 00:01:25.061000,10.0,2.0,,,0 days 00:00:30.022000,0 days 00:00:30.926000,0 days 00:00:24.113000,0 days 01:08:56.484000,0 days 01:09:27.410000,0 days 01:09:51.523000,279.0,234.0,246.0,293.0,False,HARD,4.0,True,Alpine,0 days 01:08:26.410000,2024-07-21 13:16:20.023,1,18.0,False,,False,True,85.061
0 days 01:11:16.332000,OCO,31,0 days 00:01:24.861000,11.0,2.0,,,0 days 00:00:30.169000,0 days 00:00:30.748000,0 days 00:00:23.944000,0 days 01:10:21.692000,0 days 01:10:52.440000,0 days 01:11:16.384000,,234.0,245.0,292.0,False,HARD,5.0,True,Alpine,0 days 01:09:51.471000,2024-07-21 13:17:45.084,1,18.0,False,,False,True,84.861
0 days 01:12:41.370000,OCO,31,0 days 00:01:25.038000,12.0,2.0,,,0 days 00:00:30.239000,0 days 00:00:30.656000,0 days 00:00:24.143000,0 days 01:11:46.623000,0 days 01:12:17.279000,0 days 01:12:41.422000,,235.0,244.0,291.0,False,HARD,6.0,True,Alpine,0 days 01:11:16.332000,2024-07-21 13:19:09.945,1,18.0,False,,False,True,85.038
0 days 01:14:06.672000,OCO,31,0 days 00:01:25.302000,13.0,2.0,,,0 days 00:00:30.316000,0 days 00:00:30.837000,0 days 00:00:24.149000,0 days 01:13:11.738000,0 days 01:13:42.575000,0 days 01:14:06.724000,,235.0,245.0,,False,HARD,7.0,True,Alpine,0 days 01:12:41.370000,2024-07-21 13:20:34.983,1,18.0,False,,False,True,85.302
0 days 01:15:31.917000,OCO,31,0 days 00:01:25.245000,14.0,2.0,,,0 days 00:00:30.184000,0 days 00:00:30.871000,0 days 00:00:24.190000,0 days 01:14:36.908000,0 days 01:15:07.779000,0 days 01:15:31.969000,,235.0,245.0,292.0,False,HARD,8.0,True,Alpine,0 days 01:14:06.672000,2024-07-21 13:22:00.285,1,18.0,False,,False,True,85.245
0 days 01:16:57.658000,OCO,31,0 days 00:01:25.741000,15.0,2.0,,,0 days 00:00:30.445000,0 days 00:00:31.137000,0 days 00:00:24.159000,0 days 01:16:02.414000,0 days 01:16:33.551000,0 days 01:16:57.710000,278.0,234.0,246.0,,False,HARD,9.0,True,Alpine,0 days 01:15:31.917000,2024-07-21 13:23:25.530,1,18.0,False,,False,True,85.741
0 days 01:18:23.438000,OCO,31,0 days 00:01:25.780000,16.0,2.0,,,0 days 00:00:30.365000,0 days 00:00:31.138000,0 days 00:00:24.277000,0 days 01:17:28.075000,0 days 01:17:59.213000,0 days 01:18:23.490000,279.0,233.0,245.0,293.0,False,HARD,10.0,True,Alpine,0 days 01:16:57.658000,2024-07-21 13:24:51.271,1,18.0,False,,False,True,85.78
0 days 01:19:49.069000,OCO,31,0 days 00:01:25.631000,17.0,2.0,,,0 days 00:00:30.411000,0 days 00:00:30.935000,0 days 00:00:24.285000,0 days 01:18:53.901000,0 days 01:19:24.836000,0 days 01:19:49.121000,,234.0,245.0,291.0,False,HARD,11.0,True,Alpine,0 days 01:18:23.438000,2024-07-21 13:26:17.051,1,17.0,False,,False,True,85.631
0 days 01:21:15.140000,OCO,31,0 days 00:01:26.071000,18.0,2.0,,,0 days 00:00:30.565000,0 days 00:00:31.247000,0 days 00:00:24.259000,0 days 01:20:19.686000,0 days 01:20:50.933000,0 days 01:21:15.192000,278.0,232.0,245.0,290.0,False,HARD,12.0,True,Alpine,0 days 01:19:49.069000,2024-07-21 13:27:42.682,1,17.0,False,,False,True,86.071
0 days 01:22:41.960000,OCO,31,0 days 00:01:26.820000,19.0,2.0,,,0 days 00:00:31.052000,0 days 00:00:31.400000,0 days 00:00:24.368000,0 days 01:21:46.244000,0 days 01:22:17.644000,0 days 01:22:42.012000,,232.0,246.0,291.0,False,HARD,13.0,True,Alpine,0 days 01:21:15.140000,2024-07-21 13:29:08.753,1,18.0,False,,False,True,86.82
0 days 01:24:07.199000,OCO,31,0 days 00:01:25.239000,20.0,2.0,,,0 days 00:00:30.458000,0 days 00:00:30.666000,0 days 00:00:24.115000,0 days 01:23:12.470000,0 days 01:23:43.136000,0 days 01:24:07.251000,277.0,234.0,246.0,,False,HARD,14.0,True,Alpine,0 days 01:22:41.960000,2024-07-21 13:30:35.573,1,18.0,False,,False,True,85.239
0 days 01:25:32.863000,OCO,31,0 days 00:01:25.664000,21.0,2.0,,,0 days 00:00:30.410000,0 days 00:00:30.971000,0 days 00:00:24.283000,0 days 01:24:37.661000,0 days 01:25:08.632000,0 days 01:25:32.915000,278.0,234.0,245.0,292.0,False,HARD,15.0,True,Alpine,0 days 01:24:07.199000,2024-07-21 13:32:00.812,1,18.0,False,,False,True,85.664
0 days 01:26:58.338000,OCO,31,0 days 00:01:25.475000,22.0,2.0,,,0 days 00:00:30.340000,0 days 00:00:30.834000,0 days 00:00:24.301000,0 days 01:26:03.255000,0 days 01:26:34.089000,0 days 01:26:58.390000,280.0,236.0,245.0,291.0,False,HARD,16.0,True,Alpine,0 days 01:25:32.863000,2024-07-21 13:33:26.476,1,18.0,False,,False,True,85.475
0 days 01:28:23.859000,OCO,31,0 days 00:01:25.521000,23.0,2.0,,,0 days 00:00:30.381000,0 days 00:00:30.845000,0 days 00:00:24.295000,0 days 01:27:28.771000,0 days 01:27:59.616000,0 days 01:28:23.911000,,232.0,245.0,292.0,False,HARD,17.0,True,Alpine,0 days 01:26:58.338000,2024-07-21 13:34:51.951,1,18.0,False,,False,True,85.521
0 days 01:29:49.447000,OCO,31,0 days 00:01:25.588000,24.0,2.0,,,0 days 00:00:30.597000,0 days 00:00:30.757000,0 days 00:00:24.234000,0 days 01:28:54.508000,0 days 01:29:25.265000,0 days 01:29:49.499000,279.0,234.0,245.0,,False,HARD,18.0,True,Alpine,0 days 01:28:23.859000,2024-07-21 13:36:17.472,1,18.0,False,,False,True,85.588
0 days 01:31:14.976000,OCO,31,0 days 00:01:25.529000,25.0,2.0,,,0 days 00:00:30.345000,0 days 00:00:30.825000,0 days 00:00:24.359000,0 days 01:30:19.844000,0 days 01:30:50.669000,0 days 01:31:15.028000,280.0,234.0,244.0,,False,HARD,19.0,True,Alpine,0 days 01:29:49.447000,2024-07-21 13:37:43.060,1,18.0,False,,False,True,85.529
0 days 01:32:40.434000,OCO,31,0 days 00:01:25.458000,26.0,2.0,,,0 days 00:00:30.386000,0 days 00:00:30.748000,0 days 00:00:24.324000,0 days 01:31:45.414000,0 days 01:32:16.162000,0 days 01:32:40.486000,281.0,236.0,246.0,,False,HARD,20.0,True,Alpine,0 days 01:31:14.976000,2024-07-21 13:39:08.589,1,18.0,False,,False,True,85.458
0 days 01:34:06.099000,OCO,31,0 days 00:01:25.665000,27.0,2.0,,,0 days 00:00:30.342000,0 days 00:00:30.879000,0 days 00:00:24.444000,0 days 01:33:10.828000,0 days 01:33:41.707000,0 days 01:34:06.151000,280.0,235.0,245.0,,False,HARD,21.0,True,Alpine,0 days 01:32:40.434000,2024-07-21 13:40:34.047,1,18.0,False,,False,True,85.665
0 days 01:35:31.894000,OCO,31,0 days 00:01:25.795000,28.0,2.0,,,0 days 00:00:30.351000,0 days 00:00:31.109000,0 days 00:00:24.335000,0 days 01:34:36.502000,0 days 01:35:07.611000,0 days 01:35:31.946000,279.0,233.0,244.0,293.0,False,HARD,22.0,True,Alpine,0 days 01:34:06.099000,2024-07-21 13:41:59.712,1,18.0,False,,False,True,85.795
0 days 01:36:57.888000,OCO,31,0 days 00:01:25.994000,29.0,2.0,,,0 days 00:00:30.545000,0 days 00:00:30.924000,0 days 00:00:24.525000,0 days 01:36:02.491000,0 days 01:36:33.415000,0 days 01:36:57.940000,281.0,235.0,245.0,,False,HARD,23.0,True,Alpine,0 days 01:35:31.894000,2024-07-21 13:43:25.507,1,16.0,False,,False,True,85.994
0 days 01:38:26.482000,OCO,31,0 days 00:01:28.594000,30.0,2.0,,0 days 01:38:24.835000,0 days 00:00:30.559000,0 days 00:00:30.931000,0 days 00:00:27.104000,0 days 01:37:28.499000,0 days 01:37:59.430000,0 days 01:38:26.534000,279.0,234.0,,292.0,False,HARD,24.0,True,Alpine,0 days 01:36:57.888000,2024-07-21 13:44:51.501,1,15.0,False,,False,False,88.594
0 days 01:40:08.186000,OCO,31,0 days 00:01:41.704000,31.0,3.0,0 days 01:38:46.210000,,0 days 00:00:48.249000,0 days 00:00:29.980000,0 days 00:00:23.475000,0 days 01:39:14.783000,0 days 01:39:44.763000,0 days 01:40:08.238000,279.0,240.0,248.0,,False,HARD,1.0,True,Alpine,0 days 01:38:26.482000,2024-07-21 13:46:20.095,1,20.0,False,,False,False,101.704
0 days 01:41:33.124000,OCO,31,0 days 00:01:24.938000,32.0,3.0,,,0 days 00:00:29.939000,0 days 00:00:30.196000,0 days 00:00:24.803000,0 days 01:40:38.177000,0 days 01:41:08.373000,0 days 01:41:33.176000,281.0,236.0,250.0,292.0,False,HARD,2.0,True,Alpine,0 days 01:40:08.186000,2024-07-21 13:48:01.799,1,20.0,False,,False,True,84.938
0 days 01:43:00.141000,OCO,31,0 days 00:01:27.017000,33.0,3.0,,,0 days 00:00:30.465000,0 days 00:00:30.822000,0 days 00:00:25.730000,0 days 01:42:03.641000,0 days 01:42:34.463000,0 days 01:43:00.193000,,236.0,251.0,297.0,False,HARD,3.0,True,Alpine,0 days 01:41:33.124000,2024-07-21 13:49:26.737,1,20.0,False,,False,True,87.017
0 days 01:44:24.668000,OCO,31,0 days 00:01:24.527000,34.0,3.0,,,0 days 00:00:30.197000,0 days 00:00:30.627000,0 days 00:00:23.703000,0 days 01:43:30.390000,0 days 01:44:01.017000,0 days 01:44:24.720000,284.0,238.0,248.0,307.0,False,HARD,4.0,True,Alpine,0 days 01:43:00.141000,2024-07-21 13:50:53.754,1,18.0,False,,False,True,84.527
0 days 01:45:49.944000,OCO,31,0 days 00:01:25.276000,35.0,3.0,,,0 days 00:00:30.627000,0 days 00:00:30.767000,0 days 00:00:23.882000,0 days 01:44:55.347000,0 days 01:45:26.114000,0 days 01:45:49.996000,281.0,239.0,251.0,294.0,False,HARD,5.0,True,Alpine,0 days 01:44:24.668000,2024-07-21 13:52:18.281,1,18.0,False,,False,True,85.276
0 days 01:47:14.053000,OCO,31,0 days 00:01:24.109000,36.0,3.0,,,0 days 00:00:29.873000,0 days 00:00:30.427000,0 days 00:00:23.809000,0 days 01:46:19.869000,0 days 01:46:50.296000,0 days 01:47:14.105000,280.0,239.0,252.0,306.0,True,HARD,6.0,True,Alpine,0 days 01:45:49.944000,2024-07-21 13:53:43.557,1,18.0,False,,False,True,84.109
0 days 01:48:38.234000,OCO,31,0 days 00:01:24.181000,37.0,3.0,,,0 days 00:00:29.887000,0 days 00:00:30.466000,0 days 00:00:23.828000,0 days 01:47:43.992000,0 days 01:48:14.458000,0 days 01:48:38.286000,281.0,239.0,251.0,,False,HARD,7.0,True,Alpine,0 days 01:47:14.053000,2024-07-21 13:55:07.666,1,17.0,False,,False,True,84.181
0 days 01:50:02.458000,OCO,31,0 days 00:01:24.224000,38.0,3.0,,,0 days 00:00:29.863000,0 days 00:00:30.447000,0 days 00:00:23.914000,0 days 01:49:08.149000,0 days 01:49:38.596000,0 days 01:50:02.510000,,240.0,251.0,,False,HARD,8.0,True,Alpine,0 days 01:48:38.234000,2024-07-21 13:56:31.847,1,17.0,False,,False,True,84.224
0 days 01:51:26.884000,OCO,31,0 days 00:01:24.426000,39.0,3.0,,,0 days 00:00:30.029000,0 days 00:00:30.364000,0 days 00:00:24.033000,0 days 01:50:32.539000,0 days 01:51:02.903000,0 days 01:51:26.936000,280.0,239.0,246.0,305.0,False,HARD,9.0,True,Alpine,0 days 01:50:02.458000,2024-07-21 13:57:56.071,1,17.0,False,,False,True,84.426
0 days 01:52:51.104000,OCO,31,0 days 00:01:24.220000,40.0,3.0,,,0 days 00:00:30.040000,0 days 00:00:30.263000,0 days 00:00:23.917000,0 days 01:51:56.976000,0 days 01:52:27.239000,0 days 01:52:51.156000,,238.0,246.0,292.0,False,HARD,10.0,True,Alpine,0 days 01:51:26.884000,2024-07-21 13:59:20.497,1,17.0,False,,False,True,84.22
0 days 01:54:15.348000,OCO,31,0 days 00:01:24.244000,41.0,3.0,,,0 days 00:00:30.081000,0 days 00:00:30.278000,0 days 00:00:23.885000,0 days 01:53:21.237000,0 days 01:53:51.515000,0 days 01:54:15.400000,281.0,238.0,246.0,293.0,False,HARD,11.0,True,Alpine,0 days 01:52:51.104000,2024-07-21 14:00:44.717,1,17.0,False,,False,True,84.244
0 days 01:55:39.585000,OCO,31,0 days 00:01:24.237000,42.0,3.0,,,0 days 00:00:29.969000,0 days 00:00:30.395000,0 days 00:00:23.873000,0 days 01:54:45.369000,0 days 01:55:15.764000,0 days 01:55:39.637000,282.0,238.0,248.0,,False,HARD,12.0,True,Alpine,0 days 01:54:15.348000,2024-07-21 14:02:08.961,1,17.0,False,,False,True,84.237
0 days 01:57:04.036000,OCO,31,0 days 00:01:24.451000,43.0,3.0,,,0 days 00:00:30.046000,0 days 00:00:30.336000,0 days 00:00:24.069000,0 days 01:56:09.683000,0 days 01:56:40.019000,0 days 01:57:04.088000,281.0,237.0,245.0,,False,HARD,13.0,True,Alpine,0 days 01:55:39.585000,2024-07-21 14:03:33.198,1,17.0,False,,False,True,84.451
0 days 01:58:28.417000,OCO,31,0 days 00:01:24.381000,44.0,3.0,,,0 days 00:00:30.091000,0 days 00:00:30.388000,0 days 00:00:23.902000,0 days 01:57:34.179000,0 days 01:58:04.567000,0 days 01:58:28.469000,,238.0,247.0,292.0,False,HARD,14.0,True,Alpine,0 days 01:57:04.036000,2024-07-21 14:04:57.649,1,17.0,False,,False,True,84.381
0 days 01:59:52.597000,OCO,31,0 days 00:01:24.180000,45.0,3.0,,,0 days 00:00:30.108000,0 days 00:00:30.172000,0 days 00:00:23.900000,0 days 01:58:58.577000,0 days 01:59:28.749000,0 days 01:59:52.649000,280.0,238.0,248.0,293.0,False,HARD,15.0,True,Alpine,0 days 01:58:28.417000,2024-07-21 14:06:22.030,1,17.0,False,,False,True,84.18
0 days 02:01:16.776000,OCO,31,0 days 00:01:24.179000,46.0,3.0,,,0 days 00:00:30.025000,0 days 00:00:30.192000,0 days 00:00:23.962000,0 days 02:00:22.674000,0 days 02:00:52.866000,0 days 02:01:16.828000,281.0,238.0,247.0,,False,HARD,16.0,True,Alpine,0 days 01:59:52.597000,2024-07-21 14:07:46.210,1,16.0,False,,False,True,84.179
0 days 02:02:41.014000,OCO,31,0 days 00:01:24.238000,47.0,3.0,,,0 days 00:00:30.089000,0 days 00:00:30.295000,0 days 00:00:23.854000,0 days 02:01:46.917000,0 days 02:02:17.212000,0 days 02:02:41.066000,280.0,238.0,247.0,292.0,False,HARD,17.0,True,Alpine,0 days 02:01:16.776000,2024-07-21 14:09:10.389,1,16.0,False,,False,True,84.238
0 days 02:04:05.118000,OCO,31,0 days 00:01:24.104000,48.0,3.0,,,0 days 00:00:30.048000,0 days 00:00:30.014000,0 days 00:00:24.042000,0 days 02:03:11.114000,0 days 02:03:41.128000,0 days 02:04:05.170000,,238.0,248.0,291.0,True,HARD,18.0,True,Alpine,0 days 02:02:41.014000,2024-07-21 14:10:34.627,1,16.0,False,,False,True,84.104
0 days 02:05:29.275000,OCO,31,0 days 00:01:24.157000,49.0,3.0,,,0 days 00:00:30.005000,0 days 00:00:30.193000,0 days 00:00:23.959000,0 days 02:04:35.175000,0 days 02:05:05.368000,0 days 02:05:29.327000,279.0,239.0,247.0,292.0,False,HARD,19.0,True,Alpine,0 days 02:04:05.118000,2024-07-21 14:11:58.731,1,16.0,False,,False,True,84.157
0 days 02:06:53.384000,OCO,31,0 days 00:01:24.109000,50.0,3.0,,,0 days 00:00:30.011000,0 days 00:00:30.133000,0 days 00:00:23.965000,0 days 02:05:59.338000,0 days 02:06:29.471000,0 days 02:06:53.436000,280.0,238.0,248.0,,False,HARD,20.0,True,Alpine,0 days 02:05:29.275000,2024-07-21 14:13:22.888,1,16.0,False,,False,True,84.109
0 days 02:08:17.441000,OCO,31,0 days 00:01:24.057000,51.0,3.0,,,0 days 00:00:30.082000,0 days 00:00:30.063000,0 days 00:00:23.912000,0 days 02:07:23.518000,0 days 02:07:53.581000,0 days 02:08:17.493000,,238.0,247.0,,True,HARD,21.0,True,Alpine,0 days 02:06:53.384000,2024-07-21 14:14:46.997,1,16.0,False,,False,True,84.057
0 days 02:09:42.752000,OCO,31,0 days 00:01:25.311000,52.0,3.0,,,0 days 00:00:29.880000,0 days 00:00:30.027000,0 days 00:00:25.404000,0 days 02:08:47.373000,0 days 02:09:17.400000,0 days 02:09:42.804000,,238.0,253.0,293.0,False,HARD,22.0,True,Alpine,0 days 02:08:17.441000,2024-07-21 14:16:11.054,1,16.0,False,,False,True,85.311
0 days 02:11:08.373000,OCO,31,0 days 00:01:25.621000,53.0,3.0,,,0 days 00:00:29.983000,0 days 00:00:30.344000,0 days 00:00:25.294000,0 days 02:10:12.787000,0 days 02:10:43.131000,0 days 02:11:08.425000,283.0,234.0,252.0,308.0,False,HARD,23.0,True,Alpine,0 days 02:09:42.752000,2024-07-21 14:17:36.365,1,16.0,False,,False,True,85.621
0 days 02:12:32.858000,OCO,31,0 days 00:01:24.485000,54.0,3.0,,,0 days 00:00:30,0 days 00:00:30.362000,0 days 00:00:24.123000,0 days 02:11:38.425000,0 days 02:12:08.787000,0 days 02:12:32.910000,282.0,234.0,247.0,,False,HARD,24.0,True,Alpine,0 days 02:11:08.373000,2024-07-21 14:19:01.986,1,16.0,False,,False,True,84.485
0 days 02:13:57.494000,OCO,31,0 days 00:01:24.636000,55.0,3.0,,,0 days 00:00:30.191000,0 days 00:00:30.293000,0 days 00:00:24.152000,0 days 02:13:03.101000,0 days 02:13:33.394000,0 days 02:13:57.546000,280.0,236.0,247.0,293.0,False,HARD,25.0,True,Alpine,0 days 02:12:32.858000,2024-07-21 14:20:26.471,1,16.0,False,,False,True,84.636
0 days 02:15:22.320000,OCO,31,0 days 00:01:24.826000,56.0,3.0,,,0 days 00:00:30.268000,0 days 00:00:30.383000,0 days 00:00:24.175000,0 days 02:14:27.814000,0 days 02:14:58.197000,0 days 02:15:22.372000,281.0,236.0,246.0,291.0,False,HARD,26.0,True,Alpine,0 days 02:13:57.494000,2024-07-21 14:21:51.107,1,16.0,False,,False,True,84.826
0 days 02:16:52.176000,OCO,31,0 days 00:01:29.856000,57.0,3.0,,,0 days 00:00:32.957000,0 days 00:00:32.537000,0 days 00:00:24.362000,0 days 02:15:55.329000,0 days 02:16:27.866000,0 days 02:16:52.228000,239.0,235.0,248.0,292.0,False,HARD,27.0,True,Alpine,0 days 02:15:22.320000,2024-07-21 14:23:15.933,1,16.0,False,,False,True,89.856
0 days 02:18:18.580000,OCO,31,0 days 00:01:26.404000,58.0,3.0,,,0 days 00:00:31.607000,0 days 00:00:30.608000,0 days 00:00:24.189000,0 days 02:17:23.835000,0 days 02:17:54.443000,0 days 02:18:18.632000,285.0,234.0,246.0,294.0,False,HARD,28.0,True,Alpine,0 days 02:16:52.176000,2024-07-21 14:24:45.789,1,16.0,False,,False,True,86.404
0 days 02:19:43.438000,OCO,31,0 days 00:01:24.858000,59.0,3.0,,,0 days 00:00:30.233000,0 days 00:00:30.551000,0 days 00:00:24.074000,0 days 02:18:48.865000,0 days 02:19:19.416000,0 days 02:19:43.490000,283.0,236.0,246.0,292.0,False,HARD,29.0,True,Alpine,0 days 02:18:18.580000,2024-07-21 14:26:12.193,1,16.0,False,,False,True,84.858
0 days 02:21:08.083000,OCO,31,0 days 00:01:24.645000,60.0,3.0,,,0 days 00:00:30.109000,0 days 00:00:30.434000,0 days 00:00:24.102000,0 days 02:20:13.599000,0 days 02:20:44.033000,0 days 02:21:08.135000,282.0,238.0,248.0,290.0,False,HARD,30.0,True,Alpine,0 days 02:19:43.438000,2024-07-21 14:27:37.051,1,16.0,False,,False,True,84.645
0 days 02:22:32.720000,OCO,31,0 days 00:01:24.637000,61.0,3.0,,,0 days 00:00:30.157000,0 days 00:00:30.381000,0 days 00:00:24.099000,0 days 02:21:38.292000,0 days 02:22:08.673000,0 days 02:22:32.772000,,237.0,247.0,,False,HARD,31.0,True,Alpine,0 days 02:21:08.083000,2024-07-21 14:29:01.696,12,16.0,False,,False,True,84.637
0 days 02:23:57.863000,OCO,31,0 days 00:01:25.143000,62.0,3.0,,,0 days 00:00:30.334000,0 days 00:00:30.592000,0 days 00:00:24.217000,0 days 02:23:03.106000,0 days 02:23:33.698000,0 days 02:23:57.915000,281.0,236.0,247.0,291.0,False,HARD,32.0,True,Alpine,0 days 02:22:32.720000,2024-07-21 14:30:26.333,21,16.0,False,,False,True,85.143
0 days 02:25:23.610000,OCO,31,0 days 00:01:25.747000,63.0,3.0,,,0 days 00:00:30.476000,0 days 00:00:30.760000,0 days 00:00:24.511000,0 days 02:24:28.391000,0 days 02:24:59.151000,0 days 02:25:23.662000,,234.0,245.0,,False,HARD,33.0,True,Alpine,0 days 02:23:57.863000,2024-07-21 14:31:51.476,1,16.0,False,,False,True,85.747
0 days 02:26:55.425000,OCO,31,0 days 00:01:31.815000,64.0,3.0,,0 days 02:26:53.966000,0 days 00:00:31.351000,0 days 00:00:33.046000,0 days 00:00:27.418000,0 days 02:25:55.013000,0 days 02:26:28.059000,0 days 02:26:55.477000,283.0,232.0,,289.0,False,HARD,34.0,True,Alpine,0 days 02:25:23.610000,2024-07-21 14:33:17.223,1,17.0,False,,False,False,91.815
0 days 02:28:36.834000,OCO,31,0 days 00:01:41.409000,65.0,4.0,0 days 02:27:15.135000,,0 days 00:00:47.463000,0 days 00:00:30.148000,0 days 00:00:23.798000,0 days 02:27:42.940000,0 days 02:28:13.088000,0 days 02:28:36.886000,283.0,238.0,252.0,,False,SOFT,1.0,True,Alpine,0 days 02:26:55.425000,2024-07-21 14:34:49.038,1,19.0,False,,False,False,101.409
0 days 02:29:58.444000,OCO,31,0 days 00:01:21.610000,66.0,4.0,,,0 days 00:00:29.260000,0 days 00:00:29.082000,0 days 00:00:23.268000,0 days 02:29:06.146000,0 days 02:29:35.228000,0 days 02:29:58.496000,277.0,242.0,250.0,293.0,True,SOFT,2.0,True,Alpine,0 days 02:28:36.834000,2024-07-21 14:36:30.447,1,19.0,False,,False,True,81.61
0 days 02:31:20.618000,OCO,31,0 days 00:01:22.174000,67.0,4.0,,,0 days 00:00:29.505000,0 days 00:00:29.318000,0 days 00:00:23.351000,0 days 02:30:28.001000,0 days 02:30:57.319000,0 days 02:31:20.670000,276.0,243.0,250.0,,False,SOFT,3.0,True,Alpine,0 days 02:29:58.444000,2024-07-21 14:37:52.057,1,19.0,False,,False,True,82.174
0 days 02:32:44.751000,OCO,31,0 days 00:01:24.133000,68.0,4.0,,,0 days 00:00:29.640000,0 days 00:00:30.505000,0 days 00:00:23.988000,0 days 02:31:50.310000,0 days 02:32:20.815000,0 days 02:32:44.803000,280.0,238.0,253.0,295.0,False,SOFT,4.0,True,Alpine,0 days 02:31:20.618000,2024-07-21 14:39:14.231,1,19.0,False,,False,True,84.133
0 days 02:34:08.120000,OCO,31,0 days 00:01:23.369000,69.0,4.0,,,0 days 00:00:29.805000,0 days 00:00:29.840000,0 days 00:00:23.724000,0 days 02:33:14.608000,0 days 02:33:44.448000,0 days 02:34:08.172000,276.0,243.0,249.0,311.0,False,SOFT,5.0,True,Alpine,0 days 02:32:44.751000,2024-07-21 14:40:38.364,1,18.0,False,,False,True,83.369
0 days 00:56:43.165000,ZHO,24,0 days 00:01:37.963000,1.0,1.0,,,,0 days 00:00:35.093000,0 days 00:00:24.556000,,0 days 00:56:18.837000,0 days 00:56:43.278000,242.0,229.0,247.0,277.0,False,MEDIUM,2.0,False,Kick Sauber,0 days 00:55:04.938000,2024-07-21 13:02:58.551,1,19.0,False,,False,False,97.963
0 days 00:58:10.590000,ZHO,24,0 days 00:01:27.425000,2.0,1.0,,,0 days 00:00:30.819000,0 days 00:00:32.276000,0 days 00:00:24.330000,0 days 00:57:14.005000,0 days 00:57:46.281000,0 days 00:58:10.611000,260.0,235.0,250.0,295.0,True,MEDIUM,3.0,False,Kick Sauber,0 days 00:56:43.165000,2024-07-21 13:04:36.778,1,19.0,False,,False,True,87.425
0 days 00:59:36.720000,ZHO,24,0 days 00:01:26.130000,3.0,1.0,,,0 days 00:00:30.377000,0 days 00:00:31.358000,0 days 00:00:24.395000,0 days 00:58:40.988000,0 days 00:59:12.346000,0 days 00:59:36.741000,273.0,236.0,250.0,308.0,True,MEDIUM,4.0,False,Kick Sauber,0 days 00:58:10.590000,2024-07-21 13:06:04.203,1,18.0,False,,False,True,86.13
0 days 01:01:03.081000,ZHO,24,0 days 00:01:26.361000,4.0,1.0,,,0 days 00:00:30.428000,0 days 00:00:31.475000,0 days 00:00:24.458000,0 days 01:00:07.169000,0 days 01:00:38.644000,0 days 01:01:03.102000,274.0,235.0,250.0,307.0,False,MEDIUM,5.0,False,Kick Sauber,0 days 00:59:36.720000,2024-07-21 13:07:30.333,1,18.0,False,,False,True,86.361
0 days 01:02:29.579000,ZHO,24,0 days 00:01:26.498000,5.0,1.0,,,0 days 00:00:30.395000,0 days 00:00:31.630000,0 days 00:00:24.473000,0 days 01:01:33.497000,0 days 01:02:05.127000,0 days 01:02:29.600000,273.0,232.0,248.0,308.0,False,MEDIUM,6.0,False,Kick Sauber,0 days 01:01:03.081000,2024-07-21 13:08:56.694,1,18.0,False,,False,True,86.498
0 days 01:03:55.570000,ZHO,24,0 days 00:01:25.991000,6.0,1.0,,,0 days 00:00:30.196000,0 days 00:00:31.376000,0 days 00:00:24.419000,0 days 01:02:59.796000,0 days 01:03:31.172000,0 days 01:03:55.591000,276.0,232.0,251.0,,True,MEDIUM,7.0,False,Kick Sauber,0 days 01:02:29.579000,2024-07-21 13:10:23.192,1,17.0,False,,False,True,85.991
0 days 01:05:23.716000,ZHO,24,0 days 00:01:28.146000,7.0,1.0,,0 days 01:05:22.041000,0 days 00:00:30.267000,0 days 00:00:31.173000,0 days 00:00:26.706000,0 days 01:04:25.858000,0 days 01:04:57.031000,0 days 01:05:23.737000,275.0,235.0,,309.0,False,MEDIUM,8.0,False,Kick Sauber,0 days 01:03:55.570000,2024-07-21 13:11:49.183,1,16.0,False,,False,False,88.146
0 days 01:07:06.128000,ZHO,24,0 days 00:01:42.412000,8.0,2.0,0 days 01:05:43.972000,,0 days 00:00:48.982000,0 days 00:00:30.209000,0 days 00:00:23.221000,0 days 01:06:12.719000,0 days 01:06:42.928000,0 days 01:07:06.149000,274.0,238.0,247.0,,False,HARD,1.0,True,Kick Sauber,0 days 01:05:23.716000,2024-07-21 13:13:17.329,1,20.0,False,,False,False,102.412
0 days 01:08:30.977000,ZHO,24,0 days 00:01:24.849000,9.0,2.0,,,0 days 00:00:30.140000,0 days 00:00:30.750000,0 days 00:00:23.959000,0 days 01:07:36.289000,0 days 01:08:07.039000,0 days 01:08:30.998000,,235.0,245.0,288.0,True,HARD,2.0,True,Kick Sauber,0 days 01:07:06.128000,2024-07-21 13:14:59.741,1,20.0,False,,False,True,84.849
0 days 01:09:55.909000,ZHO,24,0 days 00:01:24.932000,10.0,2.0,,,0 days 00:00:30.245000,0 days 00:00:30.760000,0 days 00:00:23.927000,0 days 01:09:01.243000,0 days 01:09:32.003000,0 days 01:09:55.930000,275.0,234.0,246.0,291.0,False,HARD,3.0,True,Kick Sauber,0 days 01:08:30.977000,2024-07-21 13:16:24.590,1,20.0,False,,False,True,84.932
0 days 01:11:20.647000,ZHO,24,0 days 00:01:24.738000,11.0,2.0,,,0 days 00:00:30.220000,0 days 00:00:30.704000,0 days 00:00:23.814000,0 days 01:10:26.150000,0 days 01:10:56.854000,0 days 01:11:20.668000,276.0,234.0,245.0,290.0,True,HARD,4.0,True,Kick Sauber,0 days 01:09:55.909000,2024-07-21 13:17:49.522,1,20.0,False,,False,True,84.738
0 days 01:12:45.310000,ZHO,24,0 days 00:01:24.663000,12.0,2.0,,,0 days 00:00:30.187000,0 days 00:00:30.482000,0 days 00:00:23.994000,0 days 01:11:50.855000,0 days 01:12:21.337000,0 days 01:12:45.331000,275.0,236.0,243.0,,True,HARD,5.0,True,Kick Sauber,0 days 01:11:20.647000,2024-07-21 13:19:14.260,1,20.0,False,,False,True,84.663
0 days 01:14:10.816000,ZHO,24,0 days 00:01:25.506000,13.0,2.0,,,0 days 00:00:30.493000,0 days 00:00:30.835000,0 days 00:00:24.178000,0 days 01:13:15.824000,0 days 01:13:46.659000,0 days 01:14:10.837000,,236.0,244.0,,False,HARD,6.0,True,Kick Sauber,0 days 01:12:45.310000,2024-07-21 13:20:38.923,1,20.0,False,,False,True,85.506
0 days 01:15:36.184000,ZHO,24,0 days 00:01:25.368000,14.0,2.0,,,0 days 00:00:30.346000,0 days 00:00:30.770000,0 days 00:00:24.252000,0 days 01:14:41.183000,0 days 01:15:11.953000,0 days 01:15:36.205000,,238.0,244.0,,False,HARD,7.0,True,Kick Sauber,0 days 01:14:10.816000,2024-07-21 13:22:04.429,1,20.0,False,,False,True,85.368
0 days 01:17:01.649000,ZHO,24,0 days 00:01:25.465000,15.0,2.0,,,0 days 00:00:30.553000,0 days 00:00:30.674000,0 days 00:00:24.238000,0 days 01:16:06.758000,0 days 01:16:37.432000,0 days 01:17:01.670000,276.0,237.0,245.0,,False,HARD,8.0,True,Kick Sauber,0 days 01:15:36.184000,2024-07-21 13:23:29.797,1,20.0,False,,False,True,85.465
0 days 01:18:27.266000,ZHO,24,0 days 00:01:25.617000,16.0,2.0,,,0 days 00:00:30.487000,0 days 00:00:30.885000,0 days 00:00:24.245000,0 days 01:17:32.157000,0 days 01:18:03.042000,0 days 01:18:27.287000,273.0,237.0,245.0,,False,HARD,9.0,True,Kick Sauber,0 days 01:17:01.649000,2024-07-21 13:24:55.262,1,20.0,False,,False,True,85.617
0 days 01:19:53.150000,ZHO,24,0 days 00:01:25.884000,17.0,2.0,,,0 days 00:00:30.510000,0 days 00:00:31.076000,0 days 00:00:24.298000,0 days 01:18:57.797000,0 days 01:19:28.873000,0 days 01:19:53.171000,274.0,239.0,244.0,289.0,False,HARD,10.0,True,Kick Sauber,0 days 01:18:27.266000,2024-07-21 13:26:20.879,1,20.0,False,,False,True,85.884
0 days 01:21:19.153000,ZHO,24,0 days 00:01:26.003000,18.0,2.0,,,0 days 00:00:30.563000,0 days 00:00:31.032000,0 days 00:00:24.408000,0 days 01:20:23.734000,0 days 01:20:54.766000,0 days 01:21:19.174000,276.0,235.0,245.0,,False,HARD,11.0,True,Kick Sauber,0 days 01:19:53.150000,2024-07-21 13:27:46.763,1,20.0,False,,False,True,86.003
0 days 01:22:45.379000,ZHO,24,0 days 00:01:26.226000,19.0,2.0,,,0 days 00:00:30.683000,0 days 00:00:31.057000,0 days 00:00:24.486000,0 days 01:21:49.857000,0 days 01:22:20.914000,0 days 01:22:45.400000,,235.0,245.0,290.0,False,HARD,12.0,True,Kick Sauber,0 days 01:21:19.153000,2024-07-21 13:29:12.766,1,20.0,False,,False,True,86.226
0 days 01:24:11.303000,ZHO,24,0 days 00:01:25.924000,20.0,2.0,,,0 days 00:00:30.595000,0 days 00:00:30.889000,0 days 00:00:24.440000,0 days 01:23:15.995000,0 days 01:23:46.884000,0 days 01:24:11.324000,,237.0,244.0,,False,HARD,13.0,True,Kick Sauber,0 days 01:22:45.379000,2024-07-21 13:30:38.992,1,20.0,False,,False,True,85.924
0 days 01:25:37.211000,ZHO,24,0 days 00:01:25.908000,21.0,2.0,,,0 days 00:00:30.664000,0 days 00:00:30.927000,0 days 00:00:24.317000,0 days 01:24:41.988000,0 days 01:25:12.915000,0 days 01:25:37.232000,,237.0,245.0,,False,HARD,14.0,True,Kick Sauber,0 days 01:24:11.303000,2024-07-21 13:32:04.916,1,20.0,False,,False,True,85.908
0 days 01:27:02.603000,ZHO,24,0 days 00:01:25.392000,22.0,2.0,,,0 days 00:00:30.488000,0 days 00:00:30.532000,0 days 00:00:24.372000,0 days 01:26:07.720000,0 days 01:26:38.252000,0 days 01:27:02.624000,,239.0,244.0,,False,HARD,15.0,True,Kick Sauber,0 days 01:25:37.211000,2024-07-21 13:33:30.824,1,20.0,False,,False,True,85.392
0 days 01:28:28.353000,ZHO,24,0 days 00:01:25.750000,23.0,2.0,,,0 days 00:00:30.688000,0 days 00:00:30.768000,0 days 00:00:24.294000,0 days 01:27:33.312000,0 days 01:28:04.080000,0 days 01:28:28.374000,274.0,237.0,244.0,,False,HARD,16.0,True,Kick Sauber,0 days 01:27:02.603000,2024-07-21 13:34:56.216,1,20.0,False,,False,True,85.75
0 days 01:29:54.145000,ZHO,24,0 days 00:01:25.792000,24.0,2.0,,,0 days 00:00:30.716000,0 days 00:00:30.719000,0 days 00:00:24.357000,0 days 01:28:59.090000,0 days 01:29:29.809000,0 days 01:29:54.166000,278.0,236.0,245.0,,False,HARD,17.0,True,Kick Sauber,0 days 01:28:28.353000,2024-07-21 13:36:21.966,1,20.0,False,,False,True,85.792
0 days 01:31:19.669000,ZHO,24,0 days 00:01:25.524000,25.0,2.0,,,0 days 00:00:30.570000,0 days 00:00:30.704000,0 days 00:00:24.250000,0 days 01:30:24.736000,0 days 01:30:55.440000,0 days 01:31:19.690000,276.0,236.0,244.0,,False,HARD,18.0,True,Kick Sauber,0 days 01:29:54.145000,2024-07-21 13:37:47.758,1,20.0,False,,False,True,85.524
0 days 01:32:45.152000,ZHO,24,0 days 00:01:25.483000,26.0,2.0,,,0 days 00:00:30.660000,0 days 00:00:30.481000,0 days 00:00:24.342000,0 days 01:31:50.350000,0 days 01:32:20.831000,0 days 01:32:45.173000,277.0,238.0,244.0,,False,HARD,19.0,True,Kick Sauber,0 days 01:31:19.669000,2024-07-21 13:39:13.282,1,20.0,False,,False,True,85.483
0 days 01:34:10.548000,ZHO,24,0 days 00:01:25.396000,27.0,2.0,,,0 days 00:00:30.558000,0 days 00:00:30.559000,0 days 00:00:24.279000,0 days 01:33:15.731000,0 days 01:33:46.290000,0 days 01:34:10.569000,275.0,239.0,246.0,289.0,False,HARD,20.0,True,Kick Sauber,0 days 01:32:45.152000,2024-07-21 13:40:38.765,1,20.0,False,,False,True,85.396
0 days 01:35:36.244000,ZHO,24,0 days 00:01:25.696000,28.0,2.0,,,0 days 00:00:30.625000,0 days 00:00:30.389000,0 days 00:00:24.682000,0 days 01:34:41.194000,0 days 01:35:11.583000,0 days 01:35:36.265000,277.0,240.0,244.0,291.0,False,HARD,21.0,True,Kick Sauber,0 days 01:34:10.548000,2024-07-21 13:42:04.161,1,20.0,False,,False,True,85.696
0 days 01:37:01.933000,ZHO,24,0 days 00:01:25.689000,29.0,2.0,,,0 days 00:00:30.571000,0 days 00:00:30.762000,0 days 00:00:24.356000,0 days 01:36:06.836000,0 days 01:36:37.598000,0 days 01:37:01.954000,278.0,241.0,245.0,289.0,False,HARD,22.0,True,Kick Sauber,0 days 01:35:36.244000,2024-07-21 13:43:29.857,1,18.0,False,,False,True,85.689
0 days 01:38:27.600000,ZHO,24,0 days 00:01:25.667000,30.0,2.0,,,0 days 00:00:30.648000,0 days 00:00:30.619000,0 days 00:00:24.400000,0 days 01:37:32.602000,0 days 01:38:03.221000,0 days 01:38:27.621000,277.0,240.0,245.0,291.0,False,HARD,23.0,True,Kick Sauber,0 days 01:37:01.933000,2024-07-21 13:44:55.546,1,16.0,False,,False,True,85.667
0 days 01:39:53.194000,ZHO,24,0 days 00:01:25.594000,31.0,2.0,,,0 days 00:00:30.587000,0 days 00:00:30.753000,0 days 00:00:24.254000,0 days 01:38:58.208000,0 days 01:39:28.961000,0 days 01:39:53.215000,276.0,240.0,244.0,,False,HARD,24.0,True,Kick Sauber,0 days 01:38:27.600000,2024-07-21 13:46:21.213,1,15.0,False,,False,True,85.594
0 days 01:41:19.769000,ZHO,24,0 days 00:01:26.575000,32.0,2.0,,,0 days 00:00:30.746000,0 days 00:00:31.427000,0 days 00:00:24.402000,0 days 01:40:23.961000,0 days 01:40:55.388000,0 days 01:41:19.790000,278.0,237.0,245.0,289.0,False,HARD,25.0,True,Kick Sauber,0 days 01:39:53.194000,2024-07-21 13:47:46.807,1,16.0,False,,False,True,86.575
0 days 01:42:46.612000,ZHO,24,0 days 00:01:26.843000,33.0,2.0,,,0 days 00:00:30.808000,0 days 00:00:31.387000,0 days 00:00:24.648000,0 days 01:41:50.598000,0 days 01:42:21.985000,0 days 01:42:46.633000,272.0,239.0,245.0,290.0,False,HARD,26.0,True,Kick Sauber,0 days 01:41:19.769000,2024-07-21 13:49:13.382,1,16.0,False,,False,True,86.843
0 days 01:44:14.468000,ZHO,24,0 days 00:01:27.856000,34.0,2.0,,,0 days 00:00:31.381000,0 days 00:00:31.871000,0 days 00:00:24.604000,0 days 01:43:18.014000,0 days 01:43:49.885000,0 days 01:44:14.489000,275.0,233.0,245.0,287.0,False,HARD,27.0,True,Kick Sauber,0 days 01:42:46.612000,2024-07-21 13:50:40.225,1,15.0,False,,False,True,87.856
0 days 01:45:42.755000,ZHO,24,0 days 00:01:28.287000,35.0,2.0,,,0 days 00:00:31.803000,0 days 00:00:31.856000,0 days 00:00:24.628000,0 days 01:44:46.292000,0 days 01:45:18.148000,0 days 01:45:42.776000,259.0,235.0,244.0,289.0,False,HARD,28.0,True,Kick Sauber,0 days 01:44:14.468000,2024-07-21 13:52:08.081,1,16.0,False,,False,True,88.287
0 days 01:47:11.905000,ZHO,24,0 days 00:01:29.150000,36.0,2.0,,0 days 01:47:10.178000,0 days 00:00:30.893000,0 days 00:00:31.224000,0 days 00:00:27.033000,0 days 01:46:13.669000,0 days 01:46:44.893000,0 days 01:47:11.926000,272.0,237.0,,,False,HARD,29.0,True,Kick Sauber,0 days 01:45:42.755000,2024-07-21 13:53:36.368,1,16.0,False,,False,False,89.15
0 days 01:48:55.833000,ZHO,24,0 days 00:01:43.928000,37.0,3.0,0 days 01:47:32.355000,,0 days 00:00:49.688000,0 days 00:00:30.515000,0 days 00:00:23.725000,0 days 01:48:01.614000,0 days 01:48:32.129000,0 days 01:48:55.854000,275.0,241.0,246.0,,False,HARD,1.0,True,Kick Sauber,0 days 01:47:11.905000,2024-07-21 13:55:05.518,1,19.0,False,,False,False,103.928
0 days 01:50:19.320000,ZHO,24,0 days 00:01:23.487000,38.0,3.0,,,0 days 00:00:30.173000,0 days 00:00:29.872000,0 days 00:00:23.442000,0 days 01:49:26.027000,0 days 01:49:55.899000,0 days 01:50:19.341000,278.0,244.0,247.0,290.0,True,HARD,2.0,True,Kick Sauber,0 days 01:48:55.833000,2024-07-21 13:56:49.446,1,19.0,False,,False,True,83.487
0 days 01:51:43.578000,ZHO,24,0 days 00:01:24.258000,39.0,3.0,,,0 days 00:00:30.259000,0 days 00:00:30.219000,0 days 00:00:23.780000,0 days 01:50:49.600000,0 days 01:51:19.819000,0 days 01:51:43.599000,,240.0,247.0,291.0,False,HARD,3.0,True,Kick Sauber,0 days 01:50:19.320000,2024-07-21 13:58:12.933,1,19.0,False,,False,True,84.258
0 days 01:53:07.945000,ZHO,24,0 days 00:01:24.367000,40.0,3.0,,,0 days 00:00:30.392000,0 days 00:00:30.140000,0 days 00:00:23.835000,0 days 01:52:13.991000,0 days 01:52:44.131000,0 days 01:53:07.966000,277.0,239.0,248.0,290.0,False,HARD,4.0,True,Kick Sauber,0 days 01:51:43.578000,2024-07-21 13:59:37.191,1,19.0,False,,False,True,84.367
0 days 01:54:32.273000,ZHO,24,0 days 00:01:24.328000,41.0,3.0,,,0 days 00:00:30.216000,0 days 00:00:30.297000,0 days 00:00:23.815000,0 days 01:53:38.182000,0 days 01:54:08.479000,0 days 01:54:32.294000,278.0,240.0,246.0,291.0,False,HARD,5.0,True,Kick Sauber,0 days 01:53:07.945000,2024-07-21 14:01:01.558,1,19.0,False,,False,True,84.328
0 days 01:55:55.972000,ZHO,24,0 days 00:01:23.699000,42.0,3.0,,,0 days 00:00:30.032000,0 days 00:00:29.983000,0 days 00:00:23.684000,0 days 01:55:02.326000,0 days 01:55:32.309000,0 days 01:55:55.993000,279.0,243.0,246.0,289.0,False,HARD,6.0,True,Kick Sauber,0 days 01:54:32.273000,2024-07-21 14:02:25.886,1,19.0,False,,False,True,83.699
0 days 01:57:20.187000,ZHO,24,0 days 00:01:24.215000,43.0,3.0,,,0 days 00:00:30.288000,0 days 00:00:30.134000,0 days 00:00:23.793000,0 days 01:56:26.281000,0 days 01:56:56.415000,0 days 01:57:20.208000,277.0,241.0,246.0,290.0,False,HARD,7.0,True,Kick Sauber,0 days 01:55:55.972000,2024-07-21 14:03:49.585,1,19.0,False,,False,True,84.215
0 days 01:58:44.399000,ZHO,24,0 days 00:01:24.212000,44.0,3.0,,,0 days 00:00:30.263000,0 days 00:00:30.036000,0 days 00:00:23.913000,0 days 01:57:50.471000,0 days 01:58:20.507000,0 days 01:58:44.420000,279.0,242.0,246.0,,False,HARD,8.0,True,Kick Sauber,0 days 01:57:20.187000,2024-07-21 14:05:13.800,1,19.0,False,,False,True,84.212
0 days 02:00:10.210000,ZHO,24,0 days 00:01:25.811000,45.0,3.0,,,0 days 00:00:31.291000,0 days 00:00:30.614000,0 days 00:00:23.906000,0 days 01:59:15.711000,0 days 01:59:46.325000,0 days 02:00:10.231000,277.0,240.0,246.0,291.0,False,HARD,9.0,True,Kick Sauber,0 days 01:58:44.399000,2024-07-21 14:06:38.012,1,19.0,False,,False,True,85.811
0 days 02:01:34.284000,ZHO,24,0 days 00:01:24.074000,46.0,3.0,,,0 days 00:00:30.145000,0 days 00:00:30.144000,0 days 00:00:23.785000,0 days 02:00:40.376000,0 days 02:01:10.520000,0 days 02:01:34.305000,280.0,242.0,248.0,290.0,False,HARD,10.0,True,Kick Sauber,0 days 02:00:10.210000,2024-07-21 14:08:03.823,1,19.0,False,,False,True,84.074
0 days 02:03:02.357000,ZHO,24,0 days 00:01:28.073000,47.0,3.0,,,0 days 00:00:31.449000,0 days 00:00:32.284000,0 days 00:00:24.340000,0 days 02:02:05.754000,0 days 02:02:38.038000,0 days 02:03:02.378000,246.0,239.0,247.0,,False,HARD,11.0,True,Kick Sauber,0 days 02:01:34.284000,2024-07-21 14:09:27.897,1,19.0,False,,False,True,88.073
0 days 02:04:26.208000,ZHO,24,0 days 00:01:23.851000,48.0,3.0,,,0 days 00:00:30.274000,0 days 00:00:29.891000,0 days 00:00:23.686000,0 days 02:03:32.652000,0 days 02:04:02.543000,0 days 02:04:26.229000,281.0,243.0,248.0,,False,HARD,12.0,True,Kick Sauber,0 days 02:03:02.357000,2024-07-21 14:10:55.970,1,19.0,False,,False,True,83.851
0 days 02:05:50.073000,ZHO,24,0 days 00:01:23.865000,49.0,3.0,,,0 days 00:00:30.104000,0 days 00:00:29.945000,0 days 00:00:23.816000,0 days 02:04:56.333000,0 days 02:05:26.278000,0 days 02:05:50.094000,280.0,244.0,246.0,289.0,False,HARD,13.0,True,Kick Sauber,0 days 02:04:26.208000,2024-07-21 14:12:19.821,1,19.0,False,,False,True,83.865
0 days 02:07:16.035000,ZHO,24,0 days 00:01:25.962000,50.0,3.0,,,0 days 00:00:31.513000,0 days 00:00:30.629000,0 days 00:00:23.820000,0 days 02:06:21.607000,0 days 02:06:52.236000,0 days 02:07:16.056000,277.0,241.0,248.0,274.0,False,HARD,14.0,True,Kick Sauber,0 days 02:05:50.073000,2024-07-21 14:13:43.686,1,19.0,False,,False,True,85.962
0 days 02:08:41.932000,ZHO,24,0 days 00:01:25.897000,51.0,3.0,,,0 days 00:00:30.236000,0 days 00:00:30.289000,0 days 00:00:25.372000,0 days 02:07:46.292000,0 days 02:08:16.581000,0 days 02:08:41.953000,279.0,216.0,249.0,289.0,False,HARD,15.0,True,Kick Sauber,0 days 02:07:16.035000,2024-07-21 14:15:09.648,1,19.0,False,,False,True,85.897
0 days 02:10:06.099000,ZHO,24,0 days 00:01:24.167000,52.0,3.0,,,0 days 00:00:30.059000,0 days 00:00:30.177000,0 days 00:00:23.931000,0 days 02:09:12.012000,0 days 02:09:42.189000,0 days 02:10:06.120000,280.0,240.0,247.0,306.0,False,HARD,16.0,True,Kick Sauber,0 days 02:08:41.932000,2024-07-21 14:16:35.545,1,19.0,False,,False,True,84.167
0 days 02:11:30.312000,ZHO,24,0 days 00:01:24.213000,53.0,3.0,,,0 days 00:00:30.245000,0 days 00:00:30.172000,0 days 00:00:23.796000,0 days 02:10:36.365000,0 days 02:11:06.537000,0 days 02:11:30.333000,275.0,242.0,247.0,292.0,False,HARD,17.0,True,Kick Sauber,0 days 02:10:06.099000,2024-07-21 14:17:59.712,1,19.0,False,,False,True,84.213
0 days 02:12:54.404000,ZHO,24,0 days 00:01:24.092000,54.0,3.0,,,0 days 00:00:30.217000,0 days 00:00:29.971000,0 days 00:00:23.904000,0 days 02:12:00.550000,0 days 02:12:30.521000,0 days 02:12:54.425000,276.0,242.0,245.0,290.0,False,HARD,18.0,True,Kick Sauber,0 days 02:11:30.312000,2024-07-21 14:19:23.925,1,19.0,False,,False,True,84.092
0 days 02:14:18.421000,ZHO,24,0 days 00:01:24.017000,55.0,3.0,,,0 days 00:00:30.324000,0 days 00:00:29.826000,0 days 00:00:23.867000,0 days 02:13:24.749000,0 days 02:13:54.575000,0 days 02:14:18.442000,277.0,243.0,248.0,289.0,False,HARD,19.0,True,Kick Sauber,0 days 02:12:54.404000,2024-07-21 14:20:48.017,1,19.0,False,,False,True,84.017
0 days 02:15:42.596000,ZHO,24,0 days 00:01:24.175000,56.0,3.0,,,0 days 00:00:30.305000,0 days 00:00:29.993000,0 days 00:00:23.877000,0 days 02:14:48.747000,0 days 02:15:18.740000,0 days 02:15:42.617000,276.0,244.0,247.0,290.0,False,HARD,20.0,True,Kick Sauber,0 days 02:14:18.421000,2024-07-21 14:22:12.034,1,19.0,False,,False,True,84.175
0 days 02:17:06.582000,ZHO,24,0 days 00:01:23.986000,57.0,3.0,,,0 days 00:00:30.189000,0 days 00:00:29.935000,0 days 00:00:23.862000,0 days 02:16:12.806000,0 days 02:16:42.741000,0 days 02:17:06.603000,278.0,244.0,246.0,,False,HARD,21.0,True,Kick Sauber,0 days 02:15:42.596000,2024-07-21 14:23:36.209,1,19.0,False,,False,True,83.986
0 days 02:18:30.889000,ZHO,24,0 days 00:01:24.307000,58.0,3.0,,,0 days 00:00:30.269000,0 days 00:00:30.129000,0 days 00:00:23.909000,0 days 02:17:36.872000,0 days 02:18:07.001000,0 days 02:18:30.910000,277.0,245.0,246.0,289.0,False,HARD,22.0,True,Kick Sauber,0 days 02:17:06.582000,2024-07-21 14:25:00.195,1,19.0,False,,False,True,84.307
0 days 02:19:58.073000,ZHO,24,0 days 00:01:27.184000,59.0,3.0,,,0 days 00:00:30.448000,0 days 00:00:32.538000,0 days 00:00:24.198000,0 days 02:19:01.358000,0 days 02:19:33.896000,0 days 02:19:58.094000,278.0,237.0,245.0,,False,HARD,23.0,True,Kick Sauber,0 days 02:18:30.889000,2024-07-21 14:26:24.502,1,19.0,False,,False,True,87.184
0 days 02:21:24.693000,ZHO,24,0 days 00:01:26.620000,60.0,3.0,,,0 days 00:00:30.488000,0 days 00:00:30.354000,0 days 00:00:25.778000,0 days 02:20:28.582000,0 days 02:20:58.936000,0 days 02:21:24.714000,280.0,238.0,250.0,290.0,False,HARD,24.0,True,Kick Sauber,0 days 02:19:58.073000,2024-07-21 14:27:51.686,1,19.0,False,,False,True,86.62
0 days 02:22:49.168000,ZHO,24,0 days 00:01:24.475000,61.0,3.0,,,0 days 00:00:30.303000,0 days 00:00:30.422000,0 days 00:00:23.750000,0 days 02:21:55.017000,0 days 02:22:25.439000,0 days 02:22:49.189000,278.0,241.0,247.0,305.0,False,HARD,25.0,True,Kick Sauber,0 days 02:21:24.693000,2024-07-21 14:29:18.306,12,19.0,False,,False,True,84.475
0 days 02:24:13.940000,ZHO,24,0 days 00:01:24.772000,62.0,3.0,,,0 days 00:00:30.289000,0 days 00:00:30.352000,0 days 00:00:24.131000,0 days 02:23:19.478000,0 days 02:23:49.830000,0 days 02:24:13.961000,,241.0,245.0,291.0,False,HARD,26.0,True,Kick Sauber,0 days 02:22:49.168000,2024-07-21 14:30:42.781,1,19.0,False,,False,True,84.772
0 days 02:25:39.245000,ZHO,24,0 days 00:01:25.305000,63.0,3.0,,,0 days 00:00:30.469000,0 days 00:00:30.606000,0 days 00:00:24.230000,0 days 02:24:44.430000,0 days 02:25:15.036000,0 days 02:25:39.266000,276.0,241.0,247.0,289.0,False,HARD,27.0,True,Kick Sauber,0 days 02:24:13.940000,2024-07-21 14:32:07.553,1,19.0,False,,False,True,85.305
0 days 02:27:04.231000,ZHO,24,0 days 00:01:24.986000,64.0,3.0,,,0 days 00:00:30.404000,0 days 00:00:30.529000,0 days 00:00:24.053000,0 days 02:26:09.670000,0 days 02:26:40.199000,0 days 02:27:04.252000,278.0,239.0,247.0,,False,HARD,28.0,True,Kick Sauber,0 days 02:25:39.245000,2024-07-21 14:33:32.858,1,18.0,False,,False,True,84.986
0 days 02:28:28.951000,ZHO,24,0 days 00:01:24.720000,65.0,3.0,,,0 days 00:00:30.432000,0 days 00:00:30.424000,0 days 00:00:23.864000,0 days 02:27:34.684000,0 days 02:28:05.108000,0 days 02:28:28.972000,,243.0,242.0,,False,HARD,29.0,True,Kick Sauber,0 days 02:27:04.231000,2024-07-21 14:34:57.844,1,17.0,False,,False,True,84.72
0 days 02:29:53.777000,ZHO,24,0 days 00:01:24.826000,66.0,3.0,,,0 days 00:00:30.269000,0 days 00:00:30.465000,0 days 00:00:24.092000,0 days 02:28:59.241000,0 days 02:29:29.706000,0 days 02:29:53.798000,,238.0,248.0,,False,HARD,30.0,True,Kick Sauber,0 days 02:28:28.951000,2024-07-21 14:36:22.564,1,17.0,False,,False,True,84.826
0 days 02:31:19.429000,ZHO,24,0 days 00:01:25.652000,67.0,3.0,,,0 days 00:00:30.746000,0 days 00:00:30.741000,0 days 00:00:24.165000,0 days 02:30:24.544000,0 days 02:30:55.285000,0 days 02:31:19.450000,,238.0,248.0,291.0,False,HARD,31.0,True,Kick Sauber,0 days 02:29:53.777000,2024-07-21 14:37:47.390,1,18.0,False,,False,True,85.652
0 days 02:32:44.402000,ZHO,24,0 days 00:01:24.973000,68.0,3.0,,,0 days 00:00:30.402000,0 days 00:00:30.503000,0 days 00:00:24.068000,0 days 02:31:49.852000,0 days 02:32:20.355000,0 days 02:32:44.423000,279.0,240.0,249.0,293.0,False,HARD,32.0,True,Kick Sauber,0 days 02:31:19.429000,2024-07-21 14:39:13.042,1,18.0,False,,False,True,84.973
0 days 02:34:10.789000,ZHO,24,0 days 00:01:26.387000,69.0,3.0,,,0 days 00:00:30.884000,0 days 00:00:31.139000,0 days 00:00:24.364000,0 days 02:33:15.307000,0 days 02:33:46.446000,0 days 02:34:10.810000,277.0,239.0,245.0,292.0,False,HARD,33.0,True,Kick Sauber,0 days 02:32:44.402000,2024-07-21 14:40:38.015,1,19.0,False,,False,True,86.387
0 days 00:56:43.800000,GAS,10,0 days 00:01:38.598000,1.0,1.0,0 days 00:55:15.973000,,,0 days 00:00:33.027000,0 days 00:00:24.571000,,0 days 00:56:19.302000,0 days 00:56:44.007000,274.0,219.0,246.0,,False,HARD,1.0,True,Alpine,0 days 00:55:04.938000,2024-07-21 13:02:58.551,1,20.0,False,,False,False,98.598
0 days 00:58:11.121000,GAS,10,0 days 00:01:27.321000,2.0,1.0,,,0 days 00:00:30.695000,0 days 00:00:32.369000,0 days 00:00:24.257000,0 days 00:57:14.501000,0 days 00:57:46.870000,0 days 00:58:11.127000,258.0,229.0,250.0,293.0,True,HARD,2.0,True,Alpine,0 days 00:56:43.800000,2024-07-21 13:04:37.413,1,20.0,False,,False,True,87.321
0 days 00:59:37.177000,GAS,10,0 days 00:01:26.056000,3.0,1.0,,,0 days 00:00:30.303000,0 days 00:00:31.516000,0 days 00:00:24.237000,0 days 00:58:41.430000,0 days 00:59:12.946000,0 days 00:59:37.183000,265.0,229.0,251.0,308.0,True,HARD,3.0,True,Alpine,0 days 00:58:11.121000,2024-07-21 13:06:04.734,1,19.0,False,,False,True,86.056
0 days 01:01:03.586000,GAS,10,0 days 00:01:26.409000,4.0,1.0,,,0 days 00:00:30.441000,0 days 00:00:31.580000,0 days 00:00:24.388000,0 days 01:00:07.624000,0 days 01:00:39.204000,0 days 01:01:03.592000,270.0,231.0,250.0,310.0,False,HARD,4.0,True,Alpine,0 days 00:59:37.177000,2024-07-21 13:07:30.790,1,19.0,False,,False,True,86.409
0 days 01:02:30.180000,GAS,10,0 days 00:01:26.594000,5.0,1.0,,,0 days 00:00:30.406000,0 days 00:00:31.612000,0 days 00:00:24.576000,0 days 01:01:33.998000,0 days 01:02:05.610000,0 days 01:02:30.186000,265.0,222.0,250.0,308.0,False,HARD,5.0,True,Alpine,0 days 01:01:03.586000,2024-07-21 13:08:57.199,1,19.0,False,,False,True,86.594
0 days 01:03:56.320000,GAS,10,0 days 00:01:26.140000,6.0,1.0,,,0 days 00:00:30.323000,0 days 00:00:31.405000,0 days 00:00:24.412000,0 days 01:03:00.509000,0 days 01:03:31.914000,0 days 01:03:56.326000,274.0,229.0,251.0,,False,HARD,6.0,True,Alpine,0 days 01:02:30.180000,2024-07-21 13:10:23.793,1,19.0,False,,False,True,86.14
0 days 01:05:21.825000,GAS,10,0 days 00:01:25.505000,7.0,1.0,,,0 days 00:00:30.206000,0 days 00:00:31.126000,0 days 00:00:24.173000,0 days 01:04:26.532000,0 days 01:04:57.658000,0 days 01:05:21.831000,278.0,234.0,248.0,,True,HARD,7.0,True,Alpine,0 days 01:03:56.320000,2024-07-21 13:11:49.933,1,15.0,False,,False,True,85.505
0 days 01:06:47.715000,GAS,10,0 days 00:01:25.890000,8.0,1.0,,,0 days 00:00:30.142000,0 days 00:00:31.211000,0 days 00:00:24.537000,0 days 01:05:51.973000,0 days 01:06:23.184000,0 days 01:06:47.721000,276.0,227.0,247.0,303.0,False,HARD,8.0,True,Alpine,0 days 01:05:21.825000,2024-07-21 13:13:15.438,1,13.0,False,,False,True,85.89
0 days 01:08:13.125000,GAS,10,0 days 00:01:25.410000,9.0,1.0,,,0 days 00:00:30.373000,0 days 00:00:30.894000,0 days 00:00:24.143000,0 days 01:07:18.094000,0 days 01:07:48.988000,0 days 01:08:13.131000,,231.0,244.0,291.0,True,HARD,9.0,True,Alpine,0 days 01:06:47.715000,2024-07-21 13:14:41.328,1,12.0,False,,False,True,85.41
0 days 01:09:38.289000,GAS,10,0 days 00:01:25.164000,10.0,1.0,,,0 days 00:00:30.408000,0 days 00:00:30.658000,0 days 00:00:24.098000,0 days 01:08:43.539000,0 days 01:09:14.197000,0 days 01:09:38.295000,278.0,234.0,247.0,289.0,True,HARD,10.0,True,Alpine,0 days 01:08:13.125000,2024-07-21 13:16:06.738,1,12.0,False,,False,True,85.164
0 days 01:11:04.750000,GAS,10,0 days 00:01:26.461000,11.0,1.0,,,0 days 00:00:30.392000,0 days 00:00:30.876000,0 days 00:00:25.193000,0 days 01:10:08.687000,0 days 01:10:39.563000,0 days 01:11:04.756000,,185.0,245.0,,False,HARD,11.0,True,Alpine,0 days 01:09:38.289000,2024-07-21 13:17:31.902,1,12.0,True,TRACK LIMITS AT TURN 11 LAP 11 ,False,True,86.461
0 days 01:12:30.293000,GAS,10,0 days 00:01:25.543000,12.0,1.0,,,0 days 00:00:30.340000,0 days 00:00:30.894000,0 days 00:00:24.309000,0 days 01:11:35.096000,0 days 01:12:05.990000,0 days 01:12:30.299000,,231.0,244.0,288.0,False,HARD,12.0,True,Alpine,0 days 01:11:04.750000,2024-07-21 13:18:58.363,1,12.0,False,,False,True,85.543
0 days 01:13:55.872000,GAS,10,0 days 00:01:25.579000,13.0,1.0,,,0 days 00:00:30.441000,0 days 00:00:31.022000,0 days 00:00:24.116000,0 days 01:13:00.740000,0 days 01:13:31.762000,0 days 01:13:55.878000,277.0,231.0,245.0,,False,HARD,13.0,True,Alpine,0 days 01:12:30.293000,2024-07-21 13:20:23.906,1,12.0,False,,False,True,85.579
0 days 01:15:21.553000,GAS,10,0 days 00:01:25.681000,14.0,1.0,,,0 days 00:00:30.550000,0 days 00:00:30.988000,0 days 00:00:24.143000,0 days 01:14:26.428000,0 days 01:14:57.416000,0 days 01:15:21.559000,278.0,232.0,246.0,289.0,False,HARD,14.0,True,Alpine,0 days 01:13:55.872000,2024-07-21 13:21:49.485,1,12.0,False,,False,True,85.681
0 days 01:16:46.903000,GAS,10,0 days 00:01:25.350000,15.0,1.0,,,0 days 00:00:30.379000,0 days 00:00:30.885000,0 days 00:00:24.086000,0 days 01:15:51.938000,0 days 01:16:22.823000,0 days 01:16:46.909000,276.0,233.0,247.0,290.0,False,HARD,15.0,True,Alpine,0 days 01:15:21.553000,2024-07-21 13:23:15.166,1,11.0,False,,False,True,85.35
0 days 01:18:12.631000,GAS,10,0 days 00:01:25.728000,16.0,1.0,,,0 days 00:00:30.464000,0 days 00:00:31.023000,0 days 00:00:24.241000,0 days 01:17:17.373000,0 days 01:17:48.396000,0 days 01:18:12.637000,277.0,233.0,246.0,289.0,False,HARD,16.0,True,Alpine,0 days 01:16:46.903000,2024-07-21 13:24:40.516,1,11.0,False,,False,True,85.728
0 days 01:19:38.334000,GAS,10,0 days 00:01:25.703000,17.0,1.0,,,0 days 00:00:30.424000,0 days 00:00:31.037000,0 days 00:00:24.242000,0 days 01:18:43.061000,0 days 01:19:14.098000,0 days 01:19:38.340000,276.0,233.0,245.0,288.0,False,HARD,17.0,True,Alpine,0 days 01:18:12.631000,2024-07-21 13:26:06.244,1,10.0,False,,False,True,85.703
0 days 01:21:04.043000,GAS,10,0 days 00:01:25.709000,18.0,1.0,,,0 days 00:00:30.479000,0 days 00:00:30.986000,0 days 00:00:24.244000,0 days 01:20:08.819000,0 days 01:20:39.805000,0 days 01:21:04.049000,277.0,233.0,245.0,,False,HARD,18.0,True,Alpine,0 days 01:19:38.334000,2024-07-21 13:27:31.947,1,10.0,False,,False,True,85.709
0 days 01:22:29.655000,GAS,10,0 days 00:01:25.612000,19.0,1.0,,,0 days 00:00:30.439000,0 days 00:00:30.986000,0 days 00:00:24.187000,0 days 01:21:34.488000,0 days 01:22:05.474000,0 days 01:22:29.661000,,232.0,245.0,287.0,False,HARD,19.0,True,Alpine,0 days 01:21:04.043000,2024-07-21 13:28:57.656,1,10.0,False,,False,True,85.612
0 days 01:23:55.123000,GAS,10,0 days 00:01:25.468000,20.0,1.0,,,0 days 00:00:30.412000,0 days 00:00:30.856000,0 days 00:00:24.200000,0 days 01:23:00.073000,0 days 01:23:30.929000,0 days 01:23:55.129000,,232.0,245.0,288.0,False,HARD,20.0,True,Alpine,0 days 01:22:29.655000,2024-07-21 13:30:23.268,1,10.0,False,,False,True,85.468
0 days 01:25:21.125000,GAS,10,0 days 00:01:26.002000,21.0,1.0,,,0 days 00:00:30.699000,0 days 00:00:31.058000,0 days 00:00:24.245000,0 days 01:24:25.828000,0 days 01:24:56.886000,0 days 01:25:21.131000,,232.0,245.0,,False,HARD,21.0,True,Alpine,0 days 01:23:55.123000,2024-07-21 13:31:48.736,1,10.0,False,,False,True,86.002
0 days 01:26:46.699000,GAS,10,0 days 00:01:25.574000,22.0,1.0,,,0 days 00:00:30.391000,0 days 00:00:30.966000,0 days 00:00:24.217000,0 days 01:25:51.522000,0 days 01:26:22.488000,0 days 01:26:46.705000,278.0,233.0,245.0,289.0,False,HARD,22.0,True,Alpine,0 days 01:25:21.125000,2024-07-21 13:33:14.738,1,10.0,False,,False,True,85.574
0 days 01:28:12.391000,GAS,10,0 days 00:01:25.692000,23.0,1.0,,,0 days 00:00:30.493000,0 days 00:00:31.019000,0 days 00:00:24.180000,0 days 01:27:17.198000,0 days 01:27:48.217000,0 days 01:28:12.397000,277.0,232.0,245.0,288.0,False,HARD,23.0,True,Alpine,0 days 01:26:46.699000,2024-07-21 13:34:40.312,1,10.0,False,,False,True,85.692
0 days 01:29:38.365000,GAS,10,0 days 00:01:25.974000,24.0,1.0,,,0 days 00:00:30.535000,0 days 00:00:31.156000,0 days 00:00:24.283000,0 days 01:28:42.932000,0 days 01:29:14.088000,0 days 01:29:38.371000,,232.0,245.0,,False,HARD,24.0,True,Alpine,0 days 01:28:12.391000,2024-07-21 13:36:06.004,1,10.0,False,,False,True,85.974
0 days 01:31:04.314000,GAS,10,0 days 00:01:25.949000,25.0,1.0,,,0 days 00:00:30.561000,0 days 00:00:31.119000,0 days 00:00:24.269000,0 days 01:30:08.932000,0 days 01:30:40.051000,0 days 01:31:04.320000,278.0,232.0,245.0,,False,HARD,25.0,True,Alpine,0 days 01:29:38.365000,2024-07-21 13:37:31.978,1,10.0,False,,False,True,85.949
0 days 01:32:30.187000,GAS,10,0 days 00:01:25.873000,26.0,1.0,,,0 days 00:00:30.547000,0 days 00:00:31.055000,0 days 00:00:24.271000,0 days 01:31:34.867000,0 days 01:32:05.922000,0 days 01:32:30.193000,276.0,232.0,245.0,,False,HARD,26.0,True,Alpine,0 days 01:31:04.314000,2024-07-21 13:38:57.927,1,10.0,False,,False,True,85.873
0 days 01:33:56.393000,GAS,10,0 days 00:01:26.206000,27.0,1.0,,,0 days 00:00:30.538000,0 days 00:00:31.239000,0 days 00:00:24.429000,0 days 01:33:00.731000,0 days 01:33:31.970000,0 days 01:33:56.399000,277.0,231.0,244.0,,False,HARD,27.0,True,Alpine,0 days 01:32:30.187000,2024-07-21 13:40:23.800,1,10.0,False,,False,True,86.206
0 days 01:35:25.365000,GAS,10,0 days 00:01:28.972000,28.0,1.0,,0 days 01:35:23.659000,0 days 00:00:30.565000,0 days 00:00:31.412000,0 days 00:00:26.995000,0 days 01:34:26.964000,0 days 01:34:58.376000,0 days 01:35:25.371000,280.0,232.0,,,False,HARD,28.0,True,Alpine,0 days 01:33:56.393000,2024-07-21 13:41:50.006,1,12.0,False,,False,False,88.972
0 days 01:37:07.036000,GAS,10,0 days 00:01:41.671000,29.0,2.0,0 days 01:35:45.056000,,0 days 00:00:47.902000,0 days 00:00:30.206000,0 days 00:00:23.563000,0 days 01:36:13.273000,0 days 01:36:43.479000,0 days 01:37:07.042000,279.0,235.0,249.0,,False,MEDIUM,1.0,True,Alpine,0 days 01:35:25.365000,2024-07-21 13:43:18.978,1,19.0,False,,False,False,101.671
0 days 01:38:30.482000,GAS,10,0 days 00:01:23.446000,30.0,2.0,,,0 days 00:00:29.727000,0 days 00:00:30.081000,0 days 00:00:23.638000,0 days 01:37:36.769000,0 days 01:38:06.850000,0 days 01:38:30.488000,276.0,237.0,248.0,290.0,True,MEDIUM,2.0,True,Alpine,0 days 01:37:07.036000,2024-07-21 13:45:00.649,1,17.0,False,,False,True,83.446
0 days 01:39:53.822000,GAS,10,0 days 00:01:23.340000,31.0,2.0,,,0 days 00:00:29.754000,0 days 00:00:30.046000,0 days 00:00:23.540000,0 days 01:39:00.242000,0 days 01:39:30.288000,0 days 01:39:53.828000,277.0,240.0,252.0,291.0,True,MEDIUM,3.0,True,Alpine,0 days 01:38:30.482000,2024-07-21 13:46:24.095,1,16.0,False,,False,True,83.34
0 days 01:41:17.306000,GAS,10,0 days 00:01:23.484000,32.0,2.0,,,0 days 00:00:29.652000,0 days 00:00:30.176000,0 days 00:00:23.656000,0 days 01:40:23.480000,0 days 01:40:53.656000,0 days 01:41:17.312000,,241.0,249.0,304.0,False,MEDIUM,4.0,True,Alpine,0 days 01:39:53.822000,2024-07-21 13:47:47.435,1,15.0,False,,False,True,83.484
0 days 01:42:44.457000,GAS,10,0 days 00:01:27.151000,33.0,2.0,,0 days 01:42:42.762000,0 days 00:00:29.950000,0 days 00:00:30.635000,0 days 00:00:26.566000,0 days 01:41:47.262000,0 days 01:42:17.897000,0 days 01:42:44.463000,278.0,238.0,,292.0,False,MEDIUM,5.0,True,Alpine,0 days 01:41:17.306000,2024-07-21 13:49:10.919,1,15.0,False,,False,False,87.151
